method name, index construction time (s), index size (MB)
BFS,1.07,81.68
LandmarkedIndex12(oe)-k=875-m=1-b=87,5_197.73,13_558.27
LandmarkedIndex12(oe)-k=1751-m=1-b=175,7_201.07,26_761.88


BFS_queryset-0,BFS_queryset-1,BFS_queryset-2,LandmarkedIndex12(oe)-k=875-m=1-b=87_queryset-0,LandmarkedIndex12(oe)-k=875-m=1-b=87_queryset-1,LandmarkedIndex12(oe)-k=875-m=1-b=87_queryset-2,LandmarkedIndex12(oe)-k=1751-m=1-b=175_queryset-0,LandmarkedIndex12(oe)-k=1751-m=1-b=175_queryset-1,LandmarkedIndex12(oe)-k=1751-m=1-b=175_queryset-2,
0.01507668495,0.00396759510,0.01980621814,0.00000529289,0.00000479221,0.00000469684,0.00000629425,0.00000948905,0.00000441074
0.00698719024,0.00411808490,0.01915199756,0.00000438690,0.00000469684,0.00000441074,0.00000438690,0.00000450611,0.00000419616
0.01713793277,0.00555031299,0.01672325134,0.00000441074,0.00000429153,0.00000438690,0.00000429153,0.00000920295,0.00000419616
0.03360443115,0.00363290309,0.01500892639,0.00000431537,0.00000438690,0.00000441074,0.00000429153,0.00000979900,0.00000419616
0.01741971969,0.01013169288,0.01581101417,0.00000429153,0.00000431537,0.00000441074,0.00000441074,0.00000970363,0.00000429153
0.01470847129,0.01387548446,0.00935261249,0.00000429153,0.00000448226,0.00000469684,0.00000431537,0.00000910758,0.00000669956
0.01209108829,0.01364879608,0.01582565307,0.00000429153,0.00000669956,0.00000441074,0.00000429153,0.00000729560,0.00000431537
0.02082228660,0.00478930473,0.01664600372,0.00000450611,0.00000429153,0.00000448226,0.00000460147,0.00000770092,0.00000991821
0.02219583988,0.01259121894,0.01981103420,0.00000450611,0.00000419616,0.00000431537,0.00000598430,0.00000979900,0.00000441074
0.00359909534,0.00749442577,0.02162809371,0.00000481605,0.00000431537,0.00000441074,0.00000710487,0.00000920295,0.00000431537
0.02195572853,0.01128716468,0.01672990322,0.00000429153,0.00000591278,0.00000438690,0.00000970363,0.00000810623,0.00000419616
0.05729551315,0.00986330509,0.01626546382,0.00000438690,0.00000560283,0.00000450611,0.00000770092,0.00000669956,0.00000920295
0.02201547622,0.00542898178,0.01704688072,0.00000441074,0.00000429153,0.00000450611,0.00000967979,0.00000710487,0.00000979900
0.04609243869,0.00364780426,0.01629121303,0.00000441074,0.00000431537,0.00000448226,0.00000970363,0.00000979900,0.00000979900
0.03479979038,0.00446860790,0.01612918376,0.00000431537,0.00000438690,0.00000441074,0.00000970363,0.00000407695,0.00000429153
0.00323939323,0.04575569629,0.04181540012,0.00000441074,0.00000431537,0.00000441074,0.00000970363,0.00000431537,0.00000429153
0.00784399509,0.04495213031,0.04221720695,0.00000431537,0.00000441074,0.00000460147,0.00000431537,0.00000431537,0.00000910758
0.03441152572,0.02978091239,0.04096457958,0.00000429153,0.00000441074,0.00000426769,0.00000970363,0.00001008510,0.00000419616
0.00320260524,0.03542785644,0.04230787754,0.00000438690,0.00000419616,0.00000450611,0.00000970363,0.00000429153,0.00000991821
0.00837569236,0.03891532421,0.03826851844,0.00000438690,0.00000429153,0.00000429153,0.00000967979,0.00000970363,0.00000407695
0.00661661624,0.00541260242,0.03660311698,0.00000429153,0.00000438690,0.00000438690,0.00000901222,0.00000779628,0.00000429153
0.02339482307,0.00379672050,0.02817587852,0.00000429153,0.00000429153,0.00000448226,0.00000967979,0.00000979900,0.00000970363
0.03137769699,0.02321882247,0.02073748111,0.00000431537,0.00000438690,0.00000431537,0.00000970363,0.00000431537,0.00000429153
0.04128792285,0.00367510318,0.02036314010,0.00000441074,0.00000419616,0.00000431537,0.00000898838,0.00000431537,0.00000419616
0.02137160301,0.00625250339,0.01004590988,0.00000472068,0.00000419616,0.00000450611,0.00000429153,0.00000782012,0.00000989437
0.06946899890,0.00511519908,0.01614198684,0.00000431537,0.00000412464,0.00000450611,0.00000700950,0.00000901222,0.00000979900
0.05349476337,0.01281926631,0.01621239185,0.00000441074,0.00000448226,0.00000429153,0.00001039505,0.00000979900,0.00000410079
0.03770649433,0.00978639125,0.00999300479,0.00000429153,0.00000550746,0.00000429153,0.00000417232,0.00000669956,0.00000429153
0.06802201271,0.00411550998,0.00992028713,0.00000438690,0.00000419616,0.00000438690,0.00001080036,0.00000450611,0.00000979900
0.05296616554,0.00343830585,0.01532490253,0.00000429153,0.00000429153,0.00000441074,0.00000979900,0.00000720024,0.00000429153
0.04643993377,0.01102719306,0.02550225257,0.00000419616,0.00000419616,0.00000429153,0.00000970363,0.00000910758,0.00000460147
0.02108211517,0.01550939083,0.00857729911,0.00000419616,0.00000441074,0.00000429153,0.00000438690,0.00000431537,0.00000419616
0.03874347209,0.00340230464,0.00949401855,0.00000429153,0.00000441074,0.00000479221,0.00000898838,0.00000979900,0.00000591278
0.03862211704,0.00523371696,0.01854419708,0.00000441074,0.00000441074,0.00000438690,0.00000970363,0.00000910758,0.00000431537
0.00696139335,0.02059202194,0.00860729217,0.00000441074,0.00000431537,0.00000429153,0.00000910758,0.00000989437,0.00000431537
0.03735675811,0.01412484645,0.00693082809,0.00000429153,0.00000429153,0.00000429153,0.00000429153,0.00000429153,0.00000422000
0.05438530445,0.02235786914,0.01676721572,0.00000429153,0.00000460147,0.00000450611,0.00000967979,0.00000429153,0.00000481605
0.02111549377,0.02052054405,0.01096110343,0.00000441074,0.00000422000,0.00000438690,0.00000429153,0.00000419616,0.00000431537
0.04130594730,0.01307427883,0.00623228549,0.00000441074,0.00000441074,0.00000429153,0.00000958442,0.00000789165,0.00000398159
0.06869266033,0.00550909042,0.02909307479,0.00000431537,0.00000441074,0.00000419616,0.00000970363,0.00000967979,0.00000431537
0.05903570652,0.00713489055,0.01923320293,0.00000438690,0.00000431537,0.00000431537,0.00000970363,0.00000438690,0.00000431537
0.00366570949,0.01374711990,0.00832071304,0.00000438690,0.00000438690,0.00000460147,0.00000979900,0.00000700950,0.00000491142
0.01388571262,0.01022841930,0.00675866603,0.00000426769,0.00000419616,0.00000429153,0.00000979900,0.00001020431,0.00000431537
0.00999217033,0.01543600559,0.02534186840,0.00000438690,0.00000438690,0.00000429153,0.00000970363,0.00000429153,0.00000422000
0.00489401817,0.00821478366,0.06718177795,0.00000438690,0.00000429153,0.00000500679,0.00000970363,0.00000429153,0.00000491142
0.00348329544,0.01071479320,0.03879752159,0.00000429153,0.00000460147,0.00000441074,0.00000970363,0.00000810623,0.00000429153
0.03802988529,0.00943009853,0.04507169723,0.00000441074,0.00000550746,0.00000438690,0.00000970363,0.00000679492,0.00000400543
0.03736703395,0.01039676666,0.02609341144,0.00000431537,0.00000500679,0.00000429153,0.00000970363,0.00000598430,0.00000429153
0.03310849666,0.04217588901,0.04062252044,0.00000481605,0.00000460147,0.00000429153,0.00000460147,0.00000429153,0.00000419616
0.05400276184,0.04108548164,0.06897983551,0.00000431537,0.00000438690,0.00000419616,0.00000429153,0.00000448226,0.00000431537
0.03128101825,0.03799822330,0.04868910312,0.00000431537,0.00000431537,0.00000429153,0.00000429153,0.00000429153,0.00000431537
0.05129382610,0.03024110794,0.01307504177,0.00000431537,0.00000429153,0.00000450611,0.00000429153,0.00000422000,0.00000481605
0.05397551059,0.02419395446,0.02013933658,0.00000431537,0.00000429153,0.00000431537,0.00000429153,0.00000429153,0.00000431537
0.05393412113,0.01008410453,0.01971108913,0.00000431537,0.00000481605,0.00000422000,0.00000438690,0.00000600814,0.00000431537
0.04903106689,0.00716600418,0.01073379516,0.00000431537,0.00000441074,0.00000431537,0.00000429153,0.00000710487,0.00000481605
0.04194717407,0.04769046306,0.00837259292,0.00000412464,0.00000431537,0.00000431537,0.00000429153,0.00000431537,0.00000429153
0.02921433448,0.01700992584,0.00200512409,0.00000441074,0.00000441074,0.00000431537,0.00000429153,0.00000422000,0.00000419616
0.04993863105,0.03514010906,0.00198330879,0.00000431537,0.00000429153,0.00000429153,0.00000429153,0.00000431537,0.00000429153
0.02924346923,0.05348932743,0.00171720981,0.00000431537,0.00000438690,0.00000450611,0.00000429153,0.00000431537,0.00000441074
0.05126399993,0.04851920604,0.03806333541,0.00000422000,0.00000429153,0.00000417232,0.00000429153,0.00000431537,0.00000422000
0.05395739078,0.05182256698,0.00172958374,0.00000431537,0.00000429153,0.00000429153,0.00000429153,0.00000410079,0.00000431537
0.04188530445,0.04944336414,0.03768649101,0.00000429153,0.00000739097,0.00000429153,0.00000429153,0.00000550746,0.00000422000
0.05107107162,0.04680931568,0.00172979831,0.00000422000,0.00000970363,0.00000417232,0.00000429153,0.00000429153,0.00000422000
0.06743028163,0.03172771930,0.00887010097,0.00000429153,0.00000979900,0.00000460147,0.00000417232,0.00000429153,0.00000431537
0.01660614013,0.02497768402,0.00856490135,0.00000519752,0.00000779628,0.00000429153,0.00000479221,0.00000429153,0.00000431537
0.01837234497,0.02589385509,0.01375734806,0.00000429153,0.00000779628,0.00000431537,0.00000429153,0.00000419616,0.00000431537
0.04169743061,0.04501121044,0.04098057746,0.00000441074,0.00000989437,0.00000429153,0.00000419616,0.00000429153,0.00000431537
0.04059829711,0.04052584171,0.02305245399,0.00000431537,0.00000979900,0.00000429153,0.00000438690,0.00000429153,0.00000450611
0.03691368103,0.04552965164,0.00187268257,0.00000431537,0.00000770092,0.00000429153,0.00000429153,0.00000419616,0.00000426769
0.04367532730,0.01076083183,0.00171670913,0.00000431537,0.00000910758,0.00000431537,0.00000429153,0.00000419616,0.00000429153
0.03270606994,0.04654204845,0.00179820060,0.00000431537,0.00000970363,0.00000429153,0.00000429153,0.00000431537,0.00000417232
0.00689270496,0.04423913955,0.01396572589,0.00000858306,0.00000979900,0.00000431537,0.00000519752,0.00000431537,0.00000429153
0.02346289157,0.06778817176,0.01959278583,0.00000779628,0.00000779628,0.00000472068,0.00000441074,0.00000441074,0.00000438690
0.02355585098,0.05918371677,0.00377049446,0.00000979900,0.00000910758,0.00000419616,0.00000460147,0.00000422000,0.00000429153
0.02435169219,0.05310986042,0.00856461524,0.00000979900,0.00000979900,0.00000422000,0.00000441074,0.00000460147,0.00000429153
0.02440724372,0.05363109111,0.00216581821,0.00000972747,0.00000979900,0.00000429153,0.00000460147,0.00000429153,0.00000429153
0.03124823570,0.06366012096,0.00173521041,0.00000979900,0.00000779628,0.00000429153,0.00000491142,0.00000422000,0.00000429153
0.01570670604,0.06509199142,0.00194430351,0.00000970363,0.00000967979,0.00000429153,0.00000450611,0.00000431537,0.00000429153
0.01879427433,0.06592142581,0.00193319320,0.00001018047,0.00000910758,0.00000407695,0.00000438690,0.00000431537,0.00000441074
0.03582818508,0.06116728782,0.00162210464,0.00000979900,0.00000772476,0.00000419616,0.00000450611,0.00000412464,0.00000419616
0.00450630187,0.00437240600,0.00176670551,0.00000460147,0.00000579357,0.00000417232,0.00000460147,0.00000641345,0.00000429153
0.00412721633,0.00375699996,0.00212869644,0.00000429153,0.00000588893,0.00000429153,0.00000429153,0.00000598430,0.00000429153
0.03777468204,0.00480439662,0.00178101062,0.00000429153,0.00000448226,0.00000429153,0.00000431537,0.00000450611,0.00000438690
0.02971148490,0.03528695106,0.00166957378,0.00000419616,0.00000462532,0.00000419616,0.00000429153,0.00000422000,0.00000429153
0.01179931163,0.00163259506,0.00204060077,0.00000419616,0.00000591278,0.00000419616,0.00000438690,0.00000591278,0.00000419616
0.04524455070,0.02435522079,0.03442666530,0.00000429153,0.00000429153,0.00000417232,0.00000429153,0.00000457763,0.00000419616
0.04599769115,0.00155520439,0.00206451416,0.00000429153,0.00000529289,0.00000419616,0.00000429153,0.00000541210,0.00000429153
0.01112587451,0.01057717800,0.00890789031,0.00000429153,0.00000569820,0.00000429153,0.00000429153,0.00000572204,0.00000429153
0.03776051998,0.01104831695,0.00866780281,0.00000431537,0.00000560283,0.00000429153,0.00000419616,0.00000560283,0.00000419616
0.02757599353,0.00961008071,0.00178799629,0.00000429153,0.00000531673,0.00000429153,0.00000429153,0.00000550746,0.00000429153
0.01165590286,0.01734387874,0.01820549964,0.00000429153,0.00000429153,0.00003690719,0.00000429153,0.00000450611,0.00003697872
0.01278448104,0.00403220653,0.00918948650,0.00000419616,0.00000407695,0.00000979900,0.00000429153,0.00000429153,0.00001029968
0.00818479061,0.00436730384,0.00283641815,0.00000429153,0.00000429153,0.00000438690,0.00000417232,0.00000429153,0.00000450611
0.04500887393,0.03941860198,0.00194690227,0.00000429153,0.00000429153,0.00000438690,0.00000438690,0.00000438690,0.00000431537
0.02834081649,0.01396098136,0.00142681598,0.00000429153,0.00000429153,0.00000438690,0.00000429153,0.00000429153,0.00000429153
0.00432128906,0.02561972141,0.00195441246,0.00000429153,0.00000429153,0.00000889301,0.00000429153,0.00000429153,0.00000910758
0.02727427482,0.03648102283,0.00821440219,0.00000429153,0.00000429153,0.00001060962,0.00000429153,0.00000426769,0.00001118183
0.02155921459,0.03141670227,0.00762648582,0.00000419616,0.00000429153,0.00000908374,0.00000407695,0.00000429153,0.00000960826
0.02851390838,0.04189329147,0.00398621559,0.00000638961,0.00000491142,0.00000441074,0.00000817775,0.00000569820,0.00000450611
0.03414030075,0.04853854179,0.00353908538,0.00000541210,0.00000441074,0.00000429153,0.00000619888,0.00000429153,0.00000431537
0.01020259857,0.01923778057,0.00453259944,0.00000538825,0.00000450611,0.00000860691,0.00000650882,0.00000469684,0.00000910758
0.01182079315,0.03687200546,0.02669553756,0.00000760555,0.00000429153,0.00000429153,0.00000457763,0.00000429153,0.00000429153
0.03358540534,0.04942228794,0.00735239982,0.00000579357,0.00000429153,0.00000431537,0.00000669956,0.00000441074,0.00000429153
0.04761824607,0.06241180896,0.02949280738,0.00000550746,0.00000438690,0.00000431537,0.00000638961,0.00000438690,0.00000419616
0.03024275302,0.04977011680,0.00473470687,0.00000579357,0.00000419616,0.00000832080,0.00000441074,0.00000429153,0.00000889301
0.05665891170,0.05114352703,0.00612359046,0.00000538825,0.00000469684,0.00000870227,0.00000641345,0.00000441074,0.00000920295
0.05006439685,0.04956784248,0.00826871395,0.00000538825,0.00000429153,0.00001001358,0.00000629425,0.00000441074,0.00001070499
0.02697777748,0.04438600540,0.00229640007,0.00000548362,0.00000429153,0.00000441074,0.00000650882,0.00000431537,0.00000438690
0.01008462905,0.01542773246,0.00396869182,0.00000550746,0.00000441074,0.00000438690,0.00000650882,0.00000422000,0.00000450611
0.00962212085,0.02319359779,0.01036169528,0.00000538825,0.00000438690,0.00000998973,0.00000638961,0.00000431537,0.00001080036
0.02138824462,0.03391509056,0.00195310115,0.00000541210,0.00000429153,0.00000431537,0.00000638961,0.00000422000,0.00000429153
0.04291594028,0.02471301555,0.00181698799,0.00000560283,0.00000429153,0.00000431537,0.00000669956,0.00000429153,0.00000429153
0.02817831039,0.03091061115,0.00592141151,0.00000550746,0.00000429153,0.00000951290,0.00000641345,0.00000431537,0.00001049041
0.02859079837,0.04486706256,0.00923361778,0.00000560283,0.00000438690,0.00000429153,0.00000650882,0.00000460147,0.00000422000
0.02805695533,0.02928140163,0.00831069946,0.00000550746,0.00000419616,0.00000441074,0.00000638961,0.00000431537,0.00000431537
0.04650871753,0.02412531375,0.00862171649,0.00000550746,0.00000429153,0.00000441074,0.00000660419,0.00000438690,0.00000450611
0.03029036521,0.03962082862,0.00767700672,0.00000710487,0.00000441074,0.00000901222,0.00000431537,0.00000429153,0.00000948905
0.04539940357,0.03315992355,0.00382590293,0.00000591278,0.00000441074,0.00000431537,0.00000648498,0.00000469684,0.00000431537
0.02821156978,0.04998087882,0.00690052509,0.00000541210,0.00000431537,0.00000479221,0.00000638961,0.00000431537,0.00000431537
0.03940362930,0.05111460685,0.00626769065,0.00000548362,0.00000441074,0.00000441074,0.00000789165,0.00000429153,0.00000441074
0.06381485462,0.02504343986,0.01655821800,0.00000550746,0.00000419616,0.00000469684,0.00000789165,0.00000429153,0.00000538825
0.04900674819,0.04216461181,0.02128167152,0.00000839233,0.00000438690,0.00000431537,0.00000450611,0.00000429153,0.00000429153
0.04515414237,0.05608062744,0.02007286548,0.00000548362,0.00000460147,0.00000429153,0.00000650882,0.00000429153,0.00000429153
0.06277463436,0.05600812435,0.02026391029,0.00000541210,0.00000441074,0.00000419616,0.00000638961,0.00000438690,0.00000429153
0.02822942733,0.03218162059,0.01920807361,0.00000550746,0.00000429153,0.00000450611,0.00000638961,0.00000438690,0.00000479221
0.06208457946,0.02907695770,0.01499769687,0.00000560283,0.00000438690,0.00000429153,0.00000650882,0.00000429153,0.00000438690
0.04438390731,0.02609846591,0.01974978446,0.00000560283,0.00000429153,0.00000410079,0.00000660419,0.00000429153,0.00000417232
0.02872641086,0.04714043140,0.01383411884,0.00000550746,0.00000429153,0.00000429153,0.00000650882,0.00000422000,0.00000429153
0.04524552822,0.00656681060,0.02339036464,0.00000550746,0.00000419616,0.00000422000,0.00000648498,0.00000431537,0.00000429153
0.04421544075,0.01264986991,0.04119610786,0.00000560283,0.00000438690,0.00000429153,0.00000660419,0.00000431537,0.00000429153
0.04542586803,0.04652202129,0.02151830196,0.00000550746,0.00000429153,0.00000429153,0.00000638961,0.00000438690,0.00000431537
0.05260643959,0.05570111274,0.02702317237,0.00000560283,0.00000429153,0.00000429153,0.00000650882,0.00000429153,0.00000410079
0.07027280330,0.03814208507,0.03062520027,0.00000538825,0.00000429153,0.00000419616,0.00000629425,0.00000429153,0.00000429153
0.06268932819,0.06822218894,0.02029948234,0.00000529289,0.00000429153,0.00000419616,0.00000638961,0.00000419616,0.00000419616
0.00116500854,0.03456029891,0.02004804611,0.00000560283,0.00000429153,0.00000410079,0.00000648498,0.00000419616,0.00000419616
0.03389716148,0.04770872592,0.01297042369,0.00000591278,0.00000419616,0.00000422000,0.00000638961,0.00000441074,0.00000438690
0.04658284187,0.06793642044,0.01968271732,0.00000548362,0.00000510215,0.00000419616,0.00000629425,0.00000510215,0.00000429153
0.02842156887,0.02076275348,0.01277964115,0.00000541210,0.00000419616,0.00000429153,0.00000629425,0.00000510215,0.00000429153
0.04501032829,0.03836169242,0.02833168506,0.00000550746,0.00000429153,0.00000410079,0.00000629425,0.00000431537,0.00000429153
0.03199942111,0.05810694694,0.01765429973,0.00000538825,0.00000429153,0.00000429153,0.00000641345,0.00000431537,0.00000429153
0.07759549617,0.03364400863,0.03764853477,0.00000548362,0.00000429153,0.00000429153,0.00000650882,0.00000422000,0.00000429153
0.00728490352,0.06113057136,0.03205449581,0.00000929832,0.00000457763,0.00000429153,0.00000450611,0.00000460147,0.00000419616
0.00801649093,0.06587612628,0.03717648983,0.00000860691,0.00000422000,0.00000429153,0.00000438690,0.00000441074,0.00000419616
0.00787239074,0.06252751350,0.03170189857,0.00000810623,0.00000431537,0.00000429153,0.00000429153,0.00000431537,0.00000429153
0.00929219722,0.05629334449,0.03209669589,0.00000782012,0.00000422000,0.00000429153,0.00000419616,0.00000441074,0.00000419616
0.00655059814,0.04953632354,0.03734428882,0.00000758171,0.00000441074,0.00000431537,0.00000431537,0.00000441074,0.00000419616
0.03666603565,0.04677290916,0.03606879711,0.00000448226,0.00000417232,0.00000429153,0.00000460147,0.00000419616,0.00000429153
0.01022307872,0.06233346462,0.02703371047,0.00000429153,0.00000438690,0.00000431537,0.00000429153,0.00000419616,0.00000431537
0.01884098052,0.06229357719,0.01846847534,0.00000429153,0.00000429153,0.00000419616,0.00000429153,0.00000417232,0.00000479221
0.01682503223,0.04984939098,0.02024462223,0.00000429153,0.00000429153,0.00000429153,0.00000429153,0.00000438690,0.00000429153
0.00194098949,0.04206938743,0.01954150199,0.00000429153,0.00000429153,0.00000429153,0.00000429153,0.00000429153,0.00000438690
0.05345256328,0.01067719459,0.01289458274,0.00000429153,0.00000469684,0.00000429153,0.00000429153,0.00000419616,0.00000417232
0.02336704730,0.07292826175,0.03869967460,0.00000429153,0.00000429153,0.00000431537,0.00000398159,0.00000419616,0.00000429153
0.04317059516,0.04139680862,0.01849951744,0.00000419616,0.00000438690,0.00000429153,0.00000429153,0.00000431537,0.00000419616
0.00996923446,0.05587868690,0.01647026538,0.00000407695,0.00000429153,0.00000431537,0.00000429153,0.00000431537,0.00000429153
0.01878702640,0.06472349166,0.01816666126,0.00000429153,0.00000419616,0.00000510215,0.00000431537,0.00000438690,0.00000429153
0.00192182064,0.03383672237,0.03141717910,0.00000429153,0.00000438690,0.00000419616,0.00000462532,0.00000438690,0.00000429153
0.00183491706,0.04126141071,0.02027509212,0.00000429153,0.00000429153,0.00000419616,0.00000431537,0.00000438690,0.00000429153
0.01189348697,0.04146211147,0.02140564918,0.00000419616,0.00000429153,0.00000429153,0.00000431537,0.00000429153,0.00000448226
0.03542931079,0.06108775138,0.01877610683,0.00000457763,0.00000441074,0.00000419616,0.00000469684,0.00000429153,0.00000429153
0.02231204509,0.05939118862,0.01161923408,0.00000450611,0.00000441074,0.00000438690,0.00000681877,0.00000429153,0.00000429153
0.02449312210,0.03192889690,0.01266653537,0.00000429153,0.00000429153,0.00000469684,0.00000770092,0.00000441074,0.00000488758
0.02138209342,0.04985346794,0.01543400287,0.00000419616,0.00000429153,0.00000419616,0.00000960826,0.00000422000,0.00000429153
0.01655340194,0.03851797580,0.01366982460,0.00000438690,0.00000469684,0.00000429153,0.00000967979,0.00000419616,0.00000419616
0.03279862403,0.02909791469,0.03336198329,0.00001130104,0.00000429153,0.00000450611,0.00001070499,0.00000441074,0.00000469684
0.03675971031,0.06421549320,0.02255039215,0.00000429153,0.00000429153,0.00000431537,0.00000431537,0.00000441074,0.00000429153
0.00778279304,0.02320220470,0.00481431484,0.00000929832,0.00000429153,0.00000431537,0.00000920295,0.00000429153,0.00000429153
0.05100984573,0.06774952411,0.00431206226,0.00000939369,0.00000429153,0.00000431537,0.00000951290,0.00000429153,0.00000429153
0.01962223052,0.04827613830,0.04395964145,0.00000858306,0.00000419616,0.00000422000,0.00000891685,0.00000429153,0.00000429153
0.02588098049,0.02921018600,0.02970600128,0.00000929832,0.00000479221,0.00000431537,0.00000910758,0.00000429153,0.00000419616
0.04215209484,0.05808696746,0.04112083911,0.00000481605,0.00000429153,0.00000431537,0.00000569820,0.00000429153,0.00000429153
0.04218628406,0.02107994556,0.00535209178,0.00000450611,0.00000429153,0.00000402927,0.00000479221,0.00000429153,0.00000419616
0.00823667049,0.07528650760,0.00944185256,0.00000460147,0.00000510215,0.00000431537,0.00000488758,0.00000429153,0.00000460147
0.03259201049,0.06947658061,0.01631360054,0.00000460147,0.00000431537,0.00000431537,0.00000467300,0.00000429153,0.00000412464
0.02515780925,0.06894729137,0.00856602191,0.00000460147,0.00000431537,0.00000412464,0.00000488758,0.00000431537,0.00000407695
0.02267425060,0.06540052890,0.01572041511,0.00000448226,0.00000431537,0.00000450611,0.00000488758,0.00000441074,0.00000469684
0.02041058540,0.06830742359,0.00885879993,0.00000448226,0.00000441074,0.00000429153,0.00000488758,0.00000441074,0.00000419616
0.05520184040,0.00264489650,0.00790860652,0.00000429153,0.00000431537,0.00000419616,0.00000429153,0.00000441074,0.00000429153
0.04033560752,0.00363118648,0.01583278179,0.00000460147,0.00000431537,0.00000429153,0.00000467300,0.00000431537,0.00000429153
0.02581789493,0.00261020660,0.02598261833,0.00000460147,0.00000441074,0.00000431537,0.00000481605,0.00000429153,0.00000429153
0.02353549003,0.00197358131,0.01693711280,0.00000460147,0.00000422000,0.00000429153,0.00000481605,0.00000431537,0.00000419616
0.02155308723,0.00499160289,0.03762774467,0.00000460147,0.00000431537,0.00000431537,0.00000472068,0.00000419616,0.00000422000
0.02592039108,0.00181870460,0.03716247081,0.00000460147,0.00000422000,0.00000419616,0.00000481605,0.00000429153,0.00000410079
0.00814397335,0.00422840118,0.04032754898,0.00000460147,0.00000441074,0.00000431537,0.00000481605,0.00000429153,0.00000429153
0.03013794422,0.06357915401,0.02921209335,0.00000460147,0.00000441074,0.00000441074,0.00000491142,0.00000429153,0.00000429153
0.04223656654,0.06889541149,0.02455682754,0.00000460147,0.00000429153,0.00000431537,0.00000479221,0.00000429153,0.00000429153
0.01603341102,0.05235252380,0.03829817771,0.00000450611,0.00000429153,0.00000429153,0.00000479221,0.00000419616,0.00000429153
0.03268196582,0.06592504978,0.03735311031,0.00000460147,0.00000429153,0.00000429153,0.00000479221,0.00000438690,0.00000419616
0.03864653110,0.05222027301,0.03553240299,0.00000429153,0.00000429153,0.00000438690,0.00000431537,0.00000500679,0.00000438690
0.03779997825,0.05114147663,0.03653693199,0.00000460147,0.00000429153,0.00000441074,0.00000491142,0.00000460147,0.00000419616
0.04676389694,0.04224970340,0.02532305717,0.00000460147,0.00000429153,0.00000431537,0.00000481605,0.00000438690,0.00000429153
0.04680860042,0.02619762420,0.02463192939,0.00000460147,0.00000417232,0.00000431537,0.00000472068,0.00000429153,0.00000441074
0.04230120182,0.02500739097,0.02295958995,0.00000460147,0.00000419616,0.00000419616,0.00000469684,0.00000438690,0.00000419616
0.03317084312,0.00413258075,0.02588093280,0.00000450611,0.00001249313,0.00000429153,0.00000479221,0.00001211166,0.00000431537
0.03836991786,0.01103200912,0.01732776165,0.00000469684,0.00001120567,0.00000429153,0.00000479221,0.00001149177,0.00000429153
0.03775649070,0.00904767513,0.02489593029,0.00000469684,0.00000429153,0.00000460147,0.00000479221,0.00000505447,0.00000419616
0.03302359580,0.00574860572,0.02711598873,0.00000450611,0.00000431537,0.00000438690,0.00000479221,0.00000460147,0.00000429153
0.06241934299,0.01145670413,0.04232118129,0.00000460147,0.00000410079,0.00000429153,0.00000488758,0.00000438690,0.00000429153
0.04033036231,0.00212290287,0.02145502567,0.00000460147,0.00000431537,0.00000429153,0.00000560283,0.00000410079,0.00000429153
0.04217231273,0.00396370887,0.02295167446,0.00000469684,0.00000431537,0.00000429153,0.00000481605,0.00000429153,0.00000419616
0.03794090747,0.00330519676,0.01308851242,0.00000460147,0.00000841617,0.00000438690,0.00000469684,0.00000569820,0.00000431537
0.04819648265,0.01240761280,0.01332390308,0.00000460147,0.00001051425,0.00000429153,0.00000481605,0.00001001358,0.00000431537
0.03983705043,0.00895681381,0.05363087654,0.00000457763,0.00001068115,0.00000419616,0.00000481605,0.00000948905,0.00000419616
0.04266893863,0.01684401035,0.05247046947,0.00000469684,0.00000641345,0.00000419616,0.00000488758,0.00000629425,0.00000431537
0.03260464668,0.00339560508,0.06238183975,0.00000689029,0.00000431537,0.00000429153,0.00000739097,0.00000441074,0.00000431537
0.02914812564,0.00215318202,0.04620759487,0.00000538825,0.00000770092,0.00000429153,0.00000529289,0.00000898838,0.00000431537
0.01977784633,0.00449359416,0.04242386817,0.00000479221,0.00000970363,0.00000429153,0.00000479221,0.00000827312,0.00000412464
0.02416796684,0.00182521343,0.03494572639,0.00000560283,0.00000431537,0.00000419616,0.00000519752,0.00000429153,0.00000431537
0.04561147689,0.01467938423,0.04847598075,0.00000560283,0.00000967979,0.00000429153,0.00000510215,0.00000839233,0.00000429153
0.04515295028,0.02897200584,0.03742141723,0.00000560283,0.00000970363,0.00000429153,0.00000519752,0.00000970363,0.00000419616
0.04528076648,0.01101400852,0.07214100360,0.00000560283,0.00000970363,0.00000510215,0.00000519752,0.00000967979,0.00000429153
0.03771598339,0.01149883270,0.08465027809,0.00000550746,0.00000967979,0.00000431537,0.00000510215,0.00000970363,0.00000419616
0.03194246292,0.02048559188,0.04091601371,0.00000450611,0.00000970363,0.00000431537,0.00000460147,0.00000967979,0.00000429153
0.04980390071,0.01021440029,0.04114537239,0.00000422000,0.00000429153,0.00000431537,0.00000488758,0.00000510215,0.00000431537
0.03887147903,0.00377347469,0.01787011623,0.00000431537,0.00000429153,0.00000419616,0.00000429153,0.00000431537,0.00000419616
0.04810800552,0.01006224155,0.02094340324,0.00000422000,0.00000870227,0.00000429153,0.00000429153,0.00000910758,0.00000419616
0.03284490108,0.00293831825,0.03450253009,0.00000431537,0.00000970363,0.00000429153,0.00000429153,0.00000998973,0.00000429153
0.03466863632,0.01673340797,0.03212823867,0.00000431537,0.00000569820,0.00000429153,0.00000429153,0.00000698566,0.00000431537
0.04527003765,0.00339310169,0.03725233078,0.00000429153,0.00000431537,0.00000410079,0.00000429153,0.00000422000,0.00000429153
0.05065512657,0.01465773582,0.02725770473,0.00000419616,0.00000491142,0.00000460147,0.00000550746,0.00000429153,0.00000522136
0.05698609352,0.00315740108,0.04545273780,0.00000429153,0.00000431537,0.00000431537,0.00000422000,0.00000429153,0.00000450611
0.03479988574,0.00252289772,0.02693145275,0.00000419616,0.00000417232,0.00000827312,0.00000429153,0.00000419616,0.00000510215
0.05629739761,0.00445919036,0.01893229484,0.00000429153,0.00000982284,0.00000441074,0.00000431537,0.00000560283,0.00000441074
0.05515091419,0.00190792083,0.03695819377,0.00000429153,0.00000970363,0.00000979900,0.00000429153,0.00000898838,0.00000436305
0.05136852264,0.00165441036,0.02659888267,0.00000920295,0.00000958442,0.00000970363,0.00000522136,0.00000898838,0.00000479221
0.05691480636,0.01492800712,0.02720990180,0.00000979900,0.00001020431,0.00000429153,0.00000460147,0.00001137256,0.00000441074
0.04008295536,0.00180509090,0.02637789249,0.00000970363,0.00000898838,0.00001058578,0.00000429153,0.00000920295,0.00001211166
0.03494591712,0.00363550186,0.02654423713,0.00000970363,0.00000498294,0.00000681877,0.00000460147,0.00000710487,0.00000720024
0.03999826908,0.00198910236,0.01865520477,0.00000839233,0.00000898838,0.00000710487,0.00000422000,0.00000970363,0.00000748634
0.02154920101,0.00259399414,0.02363450527,0.00000979900,0.00000970363,0.00000770092,0.00000448226,0.00000967979,0.00000448226
0.04647979736,0.00189681053,0.02164723873,0.00000970363,0.00000970363,0.00000901222,0.00000441074,0.00000970363,0.00000450611
0.02369618415,0.00165119171,0.05007376670,0.00000970363,0.00000889301,0.00000422000,0.00000431537,0.00000970363,0.00000429153
0.03689961433,0.00760290622,0.04591672420,0.00000770092,0.00000898838,0.00000982284,0.00000460147,0.00000967979,0.00000460147
0.03475799560,0.02837443351,0.04280338287,0.00000979900,0.00000970363,0.00000970363,0.00000450611,0.00000960826,0.00000441074
0.05474572181,0.00584781169,0.03924407958,0.00000770092,0.00000970363,0.00000967979,0.00000448226,0.00000889301,0.00000448226
0.05120086669,0.00349290370,0.04077041149,0.00000970363,0.00000970363,0.00000979900,0.00000450611,0.00000970363,0.00000441074
0.04007325172,0.01310477256,0.02890729904,0.00000979900,0.00000979900,0.00000879764,0.00000429153,0.00001080036,0.00000789165
0.05726606845,0.00134730339,0.04444382190,0.00000970363,0.00000970363,0.00000450611,0.00000450611,0.00001020431,0.00000460147
0.06181724071,0.01500964164,0.02391500473,0.00000979900,0.00000758171,0.00000560283,0.00000436305,0.00000710487,0.00000631809
0.06190323829,0.03602950572,0.02245409488,0.00000782012,0.00000967979,0.00000598430,0.00000450611,0.00000908374,0.00000638961
0.04202063083,0.00561940670,0.01054458618,0.00000979900,0.00000431537,0.00000557899,0.00000436305,0.00000460147,0.00000619888
0.05118179321,0.00171480178,0.01824033260,0.00000848770,0.00000960826,0.00000541210,0.00000469684,0.00000641345,0.00000591278
0.02441444396,0.00879101753,0.03434443473,0.00000970363,0.00000970363,0.00000431537,0.00000450611,0.00000967979,0.00000431537
0.06804258823,0.03441302776,0.03310544490,0.00000951290,0.00000412464,0.00000431537,0.00000450611,0.00000441074,0.00000431537
0.07623362541,0.03271520137,0.01563694477,0.00000898838,0.00000979900,0.00000431537,0.00000450611,0.00000700950,0.00000431537
0.01825582981,0.00716829299,0.03166353702,0.00000438690,0.00000910758,0.00000550746,0.00001111030,0.00000829696,0.00000610351
0.00430881977,0.02908885478,0.05970239639,0.00000429153,0.00000970363,0.00000450611,0.00000979900,0.00000970363,0.00000460147
0.00609588623,0.00897758007,0.01536998748,0.00000431537,0.00000970363,0.00000832080,0.00000770092,0.00000908374,0.00000898838
0.00447671413,0.02389960289,0.02470388412,0.00000441074,0.00000960826,0.00000569820,0.00000429153,0.00000970363,0.00000619888
0.00415482521,0.00509228706,0.02684519290,0.00000431537,0.00000438690,0.00000431537,0.00000979900,0.00000429153,0.00000438690
0.03067469596,0.00565500259,0.02745702266,0.00000431537,0.00001049041,0.00000431537,0.00000431537,0.00000698566,0.00000419616
0.01776728630,0.02978744506,0.03304119110,0.00000431537,0.00000970363,0.00000422000,0.00000710487,0.00000898838,0.00000429153
0.02251980304,0.00367739200,0.02076182365,0.00000510215,0.00000979900,0.00000431537,0.00000510215,0.00000970363,0.00000419616
0.00442690849,0.02405917644,0.03161160945,0.00000429153,0.00000970363,0.00000450611,0.00000472068,0.00000972747,0.00000450611
0.02266185283,0.01531322002,0.06090927124,0.00000441074,0.00000801086,0.00000429153,0.00000450611,0.00001020431,0.00000429153
0.03060812950,0.00587468147,0.05498430728,0.00000472068,0.00000729560,0.00000429153,0.00000448226,0.00000758171,0.00000429153
0.03086910247,0.02954063415,0.05484180450,0.00000441074,0.00000660419,0.00000438690,0.00000460147,0.00000429153,0.00000460147
0.03526422977,0.02036852836,0.05974304676,0.00000436305,0.00000689029,0.00000669956,0.00000448226,0.00000698566,0.00000450611
0.00229229927,0.01272962093,0.05425989627,0.00000469684,0.00000669956,0.00000429153,0.00000450611,0.00000710487,0.00000429153
0.02113223075,0.01272280216,0.06073832511,0.00000429153,0.00000669956,0.00000431537,0.00000429153,0.00000710487,0.00000450611
0.04197301864,0.01082620620,0.04002540111,0.00000417232,0.00000748634,0.00000441074,0.00000429153,0.00000782012,0.00000460147
0.05220549106,0.01907770633,0.02020058631,0.00000441074,0.00000650882,0.00000429153,0.00000429153,0.00000417232,0.00000429153
0.04836642742,0.01573832035,0.03737044334,0.00000519752,0.00000729560,0.00000448226,0.00000429153,0.00000748634,0.00000441074
0.04360477924,0.05934367179,0.05957438945,0.00000429153,0.00000932216,0.00000441074,0.00000400543,0.00000731945,0.00000450611
0.01054279804,0.03337078094,0.02315721511,0.00000481605,0.00000689029,0.00000550746,0.00000469684,0.00000710487,0.00000607967
0.01356611251,0.02664039134,0.03892302513,0.00000429153,0.00000779628,0.00000441074,0.00000431537,0.00000422000,0.00000450611
0.01871790885,0.04175374507,0.01772599220,0.00000431537,0.00000660419,0.00000450611,0.00000422000,0.00000669956,0.00000450611
0.01596989631,0.04163730144,0.05236740112,0.00000429153,0.00000689029,0.00000448226,0.00000422000,0.00000710487,0.00000460147
0.02764067649,0.02023677825,0.02767229080,0.00000431537,0.00000691413,0.00000619888,0.00000431537,0.00000429153,0.00000667572
0.01618289947,0.00604150295,0.01668553352,0.00000431537,0.00001320838,0.00000638961,0.00000412464,0.00000779628,0.00000689029
0.01999249458,0.04437501430,0.02231278419,0.00000429153,0.00000739097,0.00000591278,0.00000429153,0.00000770092,0.00000641345
0.01374087333,0.02037889957,0.05381529331,0.00000412464,0.00000910758,0.00000438690,0.00000429153,0.00000438690,0.00000448226
0.03220679759,0.01574070453,0.05657908916,0.00000429153,0.00000710487,0.00000436305,0.00000429153,0.00000720024,0.00000450611
0.02035000324,0.01614940166,0.01994168758,0.00000431537,0.00000700950,0.00000429153,0.00000460147,0.00000729560,0.00000417232
0.01371951103,0.01502602100,0.05776731967,0.00000429153,0.00000698566,0.00000419616,0.00000410079,0.00000429153,0.00000429153
0.04189529418,0.01020021438,0.05434567928,0.00000429153,0.00000720024,0.00000429153,0.00000503063,0.00000739097,0.00000429153
0.04588055610,0.00806834697,0.02088725566,0.00000429153,0.00000708103,0.00000429153,0.00000429153,0.00000438690,0.00000429153
0.03591518402,0.03940153121,0.02026178836,0.00000429153,0.00000720024,0.00000429153,0.00000429153,0.00000720024,0.00000417232
0.03133299350,0.03930668830,0.03919968605,0.00000410079,0.00000898838,0.00000429153,0.00000419616,0.00000429153,0.00000429153
0.03240976333,0.03632087707,0.03365139961,0.00000407695,0.00000669956,0.00000450611,0.00000429153,0.00000679492,0.00000460147
0.04582726955,0.01019430160,0.01469285488,0.00000429153,0.00001189708,0.00000431537,0.00000429153,0.00001111030,0.00000422000
0.03133759498,0.01090850830,0.01856906414,0.00000419616,0.00000751018,0.00000431537,0.00000429153,0.00000770092,0.00000419616
0.03669507503,0.04453620910,0.03456561565,0.00000429153,0.00000741481,0.00000448226,0.00000429153,0.00000770092,0.00000431537
0.02004725933,0.03515031337,0.02714970111,0.00000469684,0.00000629425,0.00000441074,0.00000839233,0.00000641345,0.00000460147
0.03658370971,0.04197001457,0.02586379051,0.00000419616,0.00000729560,0.00000431537,0.00000429153,0.00000426769,0.00000429153
0.03897199630,0.04592857360,0.02711143493,0.00000429153,0.00000720024,0.00000569820,0.00000429153,0.00000770092,0.00000610351
0.04767329692,0.05071489810,0.02171151638,0.00000429153,0.00000650882,0.00000569820,0.00000438690,0.00000700950,0.00000610351
0.05551531314,0.04474685192,0.03677811622,0.00000438690,0.00000848770,0.00000441074,0.00000429153,0.00000429153,0.00000450611
0.02023296356,0.06017875671,0.03105630874,0.00000429153,0.00000700950,0.00000431537,0.00000429153,0.00000741481,0.00000429153
0.04864075183,0.06701710224,0.01692490577,0.00000720024,0.00000698566,0.00000429153,0.00000920295,0.00000708103,0.00000429153
0.01756372451,0.04578728675,0.02053349018,0.00000638961,0.00000429153,0.00000441074,0.00000729560,0.00000431537,0.00000450611
0.06064183712,0.04667069911,0.02520039081,0.00000650882,0.00000658035,0.00000560283,0.00000739097,0.00000691413,0.00000600814
0.03334689140,0.04203381538,0.04582486152,0.00000641345,0.00000708103,0.00000429153,0.00000710487,0.00000431537,0.00000431537
0.04339268207,0.01395900249,0.03516182899,0.00000638961,0.00000669956,0.00000429153,0.00000710487,0.00000691413,0.00000419616
0.04359569549,0.00423080921,0.05781784057,0.00000619888,0.00000669956,0.00000429153,0.00000720024,0.00000700950,0.00000419616
0.06514492034,0.07961628437,0.05559160709,0.00000629425,0.00000698566,0.00000429153,0.00000710487,0.00000722408,0.00000429153
0.00032038688,0.04033811092,0.05549333095,0.00000441074,0.00000641345,0.00000429153,0.00000507831,0.00000450611,0.00000429153
0.00027039051,0.04266250133,0.03380732536,0.00000431537,0.00000720024,0.00000579357,0.00000431537,0.00000739097,0.00000619888
0.00024099349,0.03639669418,0.04383368492,0.00000422000,0.00000648498,0.00000450611,0.00000419616,0.00000689029,0.00000460147
0.00026681423,0.00179319381,0.05087962150,0.00000431537,0.00000460147,0.00000431537,0.00000429153,0.00000748634,0.00000431537
0.00058360099,0.01205730438,0.06224820613,0.00000422000,0.00000422000,0.00000431537,0.00000422000,0.00000429153,0.00000422000
0.00066258907,0.00563099384,0.06497571468,0.00000410079,0.00000431537,0.00000441074,0.00000417232,0.00000429153,0.00000460147
0.00055398941,0.00162439346,0.04157180786,0.00000431537,0.00000431537,0.00000438690,0.00000429153,0.00000438690,0.00000450611
0.00030200481,0.03092458248,0.05863609313,0.00000422000,0.00000431537,0.00000441074,0.00000429153,0.00000429153,0.00000450611
0.00048580169,0.03318510055,0.04943993091,0.00000431537,0.00000431537,0.00000441074,0.00000419616,0.00000419616,0.00000619888
0.00030169486,0.01357882022,0.04765391349,0.00000431537,0.00000429153,0.00000431537,0.00000417232,0.00000419616,0.00000431537
0.00022509098,0.02984757423,0.04642560482,0.00000419616,0.00000431537,0.00000641345,0.00000431537,0.00000538825,0.00000431537
0.00092289447,0.01168770790,0.04260816574,0.00000422000,0.00000429153,0.00000429153,0.00000438690,0.00000450611,0.00000422000
0.00049250125,0.00504257678,0.04258289337,0.00000422000,0.00000429153,0.00000631809,0.00000429153,0.00000550746,0.00000431537
0.00052421092,0.00808529853,0.04896435737,0.00000429153,0.00000417232,0.00000801086,0.00000417232,0.00000429153,0.00000422000
0.00091300010,0.03638310432,0.04135890007,0.00000429153,0.00000431537,0.00000689029,0.00000450611,0.00000431537,0.00000419616
0.00107288360,0.02130889892,0.05908629894,0.00000419616,0.00000422000,0.00000460147,0.00000431537,0.00000429153,0.00000429153
0.00065529346,0.01681551933,0.04946956634,0.00000429153,0.00000429153,0.00000429153,0.00000422000,0.00000431537,0.00000469684
0.00085492134,0.01161291599,0.06809875965,0.00000419616,0.00000419616,0.00000429153,0.00000441074,0.00000431537,0.00000429153
0.00052549839,0.04364058971,0.05961720943,0.00000429153,0.00000429153,0.00000419616,0.00000431537,0.00000441074,0.00000429153
0.00026409626,0.04616940021,0.04105243682,0.00000429153,0.00000431537,0.00000429153,0.00000431537,0.00000431537,0.00000429153
0.00026719570,0.04221780300,0.05060968399,0.00000429153,0.00000429153,0.00000429153,0.00000419616,0.00000422000,0.00000429153
0.00184330940,0.04141902923,0.04137408733,0.00000970363,0.00000419616,0.00000946521,0.00000650882,0.00000431537,0.00000429153
0.00124788284,0.01324670314,0.06479251384,0.00000967979,0.00000450611,0.00000557899,0.00000448226,0.00000441074,0.00000429153
0.00143120288,0.01468229293,0.06089193820,0.00000979900,0.00000429153,0.00000438690,0.00000450611,0.00000431537,0.00000422000
0.00160720348,0.00600960254,0.05392253398,0.00000979900,0.00000419616,0.00000758171,0.00000450611,0.00000429153,0.00000419616
0.00267710685,0.03746831417,0.06223723888,0.00000779628,0.00000429153,0.00000560283,0.00000450611,0.00000422000,0.00000422000
0.00273771286,0.03096287250,0.06307060718,0.00000767707,0.00000419616,0.00000548362,0.00000479221,0.00000429153,0.00000431537
0.00210518836,0.03184368610,0.05748808383,0.00000979900,0.00000410079,0.00000810623,0.00000441074,0.00000431537,0.00000431537
0.00325231552,0.02901170253,0.04731917381,0.00000910758,0.00000429153,0.00000419616,0.00000441074,0.00000429153,0.00000441074
0.00267639160,0.00573019981,0.04811520576,0.00000770092,0.00000429153,0.00000419616,0.00000438690,0.00000431537,0.00000431537
0.00206050872,0.03743767738,0.04814853668,0.00000970363,0.00000429153,0.00000729560,0.00000438690,0.00000429153,0.00000422000
0.00268170833,0.03540122509,0.04885003566,0.00000979900,0.00000419616,0.00000429153,0.00000441074,0.00000431537,0.00000419616
0.01409118175,0.05202052593,0.04075143337,0.00000979900,0.00000429153,0.00000560283,0.00000438690,0.00000429153,0.00000410079
0.00896749496,0.01648182868,0.07070131301,0.00000967979,0.00000429153,0.00000429153,0.00000450611,0.00000431537,0.00000431537
0.00794320106,0.04714243412,0.04760842323,0.00000960826,0.00000429153,0.00000429153,0.00000450611,0.00000431537,0.00000429153
0.00395779609,0.05201921463,0.04856591224,0.00000960826,0.00000419616,0.00000429153,0.00000450611,0.00000431537,0.00000429153
0.00845768451,0.00567977428,0.04166610240,0.00000770092,0.00000429153,0.00000758171,0.00000448226,0.00000441074,0.00000429153
0.00392820835,0.04177989959,0.04895009994,0.00000970363,0.00000419616,0.00000879764,0.00000450611,0.00000431537,0.00000419616
0.00400018692,0.04011032581,0.04094159603,0.00000970363,0.00000429153,0.00000441074,0.00000450611,0.00000417232,0.00000419616
0.00517220497,0.03493878841,0.05909941196,0.00000770092,0.00000429153,0.00000431537,0.00000448226,0.00000419616,0.00000431537
0.00588500499,0.03623440265,0.05675880908,0.00000970363,0.00000419616,0.00000550746,0.00000441074,0.00000419616,0.00000429153
0.00392060279,0.04004061222,0.07568798065,0.00000967979,0.00000429153,0.00000429153,0.00000450611,0.00000429153,0.00000457763
0.01134357452,0.03241672515,0.06139430999,0.00001010894,0.00000429153,0.00000619888,0.00000450611,0.00000410079,0.00000429153
0.00747771263,0.01657240390,0.06163048744,0.00000827312,0.00000429153,0.00000419616,0.00000438690,0.00000519752,0.00000429153
0.03366572856,0.01203937530,0.07656128406,0.00000503063,0.00000419616,0.00000429153,0.00000669956,0.00000431537,0.00000429153
0.03389739990,0.01227917671,0.06314048767,0.00000429153,0.00000419616,0.00000431537,0.00000929832,0.00000419616,0.00000429153
0.03875079154,0.00717301368,0.04196231365,0.00000417232,0.00000689029,0.00000720024,0.00000967979,0.00000669956,0.00000510215
0.03813827037,0.03885180950,0.04843337535,0.00000429153,0.00000429153,0.00000431537,0.00000779628,0.00000431537,0.00000431537
0.04319720268,0.03667280673,0.03795781135,0.00000417232,0.00000419616,0.00000429153,0.00000779628,0.00000431537,0.00000422000
0.03958089351,0.01661179065,0.04236285686,0.00000417232,0.00000419616,0.00000820159,0.00000801086,0.00000419616,0.00000431537
0.00573470592,0.01673913002,0.03037204742,0.00000441074,0.00000429153,0.00000441074,0.00000548362,0.00000422000,0.00000431537
0.00598061084,0.01821742057,0.07124831676,0.00000431537,0.00000429153,0.00000419616,0.00000429153,0.00000431537,0.00000519752
0.06078269481,0.03984060287,0.06915621757,0.00000422000,0.00000407695,0.00000569820,0.00000429153,0.00000441074,0.00000429153
0.02435283660,0.06022312641,0.06980407238,0.00000429153,0.00000429153,0.00000429153,0.00000429153,0.00000431537,0.00000407695
0.00583312511,0.05827119350,0.07742168903,0.00000429153,0.00000419616,0.00000810623,0.00000441074,0.00000431537,0.00000429153
0.03439083099,0.03957350254,0.06157641410,0.00000407695,0.00000429153,0.00000731945,0.00000431537,0.00000431537,0.00000469684
0.04845826625,0.05141093730,0.06725072860,0.00000419616,0.00000429153,0.00000560283,0.00000441074,0.00000422000,0.00000419616
0.03471498489,0.04682462215,0.06202743053,0.00000429153,0.00000500679,0.00000429153,0.00000431537,0.00000441074,0.00000431537
0.02429111003,0.04009256362,0.06290957927,0.00000429153,0.00000422000,0.00000429153,0.00000431537,0.00000431537,0.00000431537
0.02770242691,0.05703392028,0.05166914463,0.00000429153,0.00000431537,0.00000429153,0.00000431537,0.00000431537,0.00000431537
0.00642352104,0.01203391551,0.08657591342,0.00000429153,0.00000460147,0.00000429153,0.00000429153,0.00000422000,0.00000441074
0.05368800163,0.07312920093,0.05593321323,0.00000429153,0.00000429153,0.00000422000,0.00000431537,0.00000429153,0.00000431537
0.02276377677,0.06235880851,0.06904089450,0.00000429153,0.00000419616,0.00000429153,0.00000431537,0.00000429153,0.00000431537
0.00543029308,0.07188432216,0.05738499164,0.00000419616,0.00000429153,0.00000431537,0.00000431537,0.00000429153,0.00000431537
0.01352829933,0.06841323375,0.05506865978,0.00000429153,0.00000429153,0.00000619888,0.00000431537,0.00000431537,0.00000429153
0.04348709583,0.06570522785,0.08040990829,0.00000429153,0.00000429153,0.00000560283,0.00000429153,0.00000431537,0.00000429153
0.05747120380,0.05555210113,0.07531001567,0.00000429153,0.00000429153,0.00000429153,0.00000431537,0.00000422000,0.00000429153
0.04387500286,0.03565254211,0.06098120212,0.00000431537,0.00000441074,0.00000419616,0.00000429153,0.00000431537,0.00000429153
0.04382727146,0.03285374641,0.06718540191,0.00000429153,0.00000431537,0.00000557899,0.00000429153,0.00000429153,0.00000588893
0.03080599308,0.02718465328,0.06166977882,0.00000431537,0.00000538825,0.00000679492,0.00000419616,0.00000870227,0.00000429153
0.04171681404,0.01959800720,0.06862146854,0.00000431537,0.00000460147,0.00000560283,0.00000429153,0.00000479221,0.00000510215
0.06993722915,0.01867997646,0.06933498382,0.00000422000,0.00000448226,0.00000438690,0.00000419616,0.00000469684,0.00000429153
0.05808718204,0.01947729587,0.07438826560,0.00000431537,0.00000441074,0.00000419616,0.00000429153,0.00000472068,0.00000429153
0.04058413505,0.04733457565,0.08424620628,0.00000431537,0.00000431537,0.00000429153,0.00000460147,0.00000460147,0.00000429153
0.04009110927,0.04618148803,0.07945384979,0.00000431537,0.00000450611,0.00000441074,0.00000419616,0.00000460147,0.00000419616
0.05741138458,0.03644161224,0.08144478797,0.00000419616,0.00000448226,0.00000419616,0.00000429153,0.00000460147,0.00000429153
0.04388408660,0.04226350784,0.07709071636,0.00000431537,0.00000450611,0.00000560283,0.00000422000,0.00000460147,0.00000429153
0.01606361865,0.04481723308,0.07292506694,0.00000500679,0.00000441074,0.00000560283,0.00000429153,0.00000441074,0.00000429153
0.06580114364,0.05026545524,0.07505950927,0.00000429153,0.00000429153,0.00000641345,0.00000431537,0.00000457763,0.00000500679
0.05968234539,0.03841521739,0.06291060447,0.00000429153,0.00000929832,0.00000431537,0.00000429153,0.00000491142,0.00000429153
0.05212030410,0.03996963500,0.08428981304,0.00000431537,0.00000989437,0.00000450611,0.00000419616,0.00000460147,0.00000429153
0.06860871315,0.03752307891,0.06966991424,0.00000429153,0.00000448226,0.00000438690,0.00000429153,0.00000460147,0.00000419616
0.00707061290,0.02560415267,0.05491571426,0.00000431537,0.00000441074,0.00000429153,0.00000441074,0.00000469684,0.00000510215
0.00270810127,0.01438846588,0.06380209922,0.00000431537,0.00000441074,0.00000429153,0.00000429153,0.00000460147,0.00000431537
0.00260620117,0.04221401214,0.05602142810,0.00000422000,0.00000438690,0.00000679492,0.00000419616,0.00000460147,0.00000431537
0.02050771713,0.00728800296,0.06135418415,0.00000960826,0.00000669956,0.00000760555,0.00001070499,0.00000801086,0.00000422000
0.02423567771,0.03991293907,0.00247669219,0.00000970363,0.00000789165,0.00000481605,0.00000979900,0.00000469684,0.00000681877
0.01572411060,0.04366860389,0.00220620632,0.00000979900,0.00000450611,0.00000422000,0.00000970363,0.00000469684,0.00000429153
0.01260693073,0.03710927963,0.03338878154,0.00000979900,0.00000450611,0.00000429153,0.00000970363,0.00000469684,0.00000419616
0.04125778675,0.03367986679,0.00509288311,0.00000979900,0.00000441074,0.00000422000,0.00000970363,0.00000460147,0.00000419616
0.03887221813,0.02184276580,0.04446461200,0.00001151561,0.00000436305,0.00000419616,0.00001010894,0.00000460147,0.00000429153
0.04160571098,0.03149261474,0.01291651725,0.00000979900,0.00000450611,0.00000450611,0.00000970363,0.00000469684,0.00000529289
0.04167828559,0.02242259979,0.01480844020,0.00000979900,0.00000441074,0.00000431537,0.00000970363,0.00000469684,0.00000441074
0.03231303691,0.02550268173,0.01637389659,0.00000908374,0.00000438690,0.00000610351,0.00000967979,0.00000450611,0.00000631809
0.04166040420,0.02483730316,0.02025930881,0.00000979900,0.00000488758,0.00000429153,0.00000970363,0.00000460147,0.00000562667
0.02595498561,0.02917480468,0.00779731273,0.00000979900,0.00000441074,0.00000431537,0.00000970363,0.00000460147,0.00000581741
0.02574543952,0.02507317066,0.01057481765,0.00000979900,0.00000438690,0.00000431537,0.00001058578,0.00000460147,0.00000450611
0.03210806846,0.01746022701,0.01161742210,0.00000970363,0.00000438690,0.00000450611,0.00000970363,0.00000460147,0.00000448226
0.05760815143,0.03220922946,0.01418452262,0.00000779628,0.00000450611,0.00000422000,0.00001001358,0.00000460147,0.00000450611
0.04796528816,0.02182688713,0.01154339313,0.00000979900,0.00000448226,0.00000431537,0.00000970363,0.00000457763,0.00000450611
0.04310646057,0.03626928329,0.01963858604,0.00000767707,0.00000450611,0.00000548362,0.00001060962,0.00000460147,0.00000550746
0.04414148330,0.05709860324,0.01305892467,0.00000979900,0.00000441074,0.00000560283,0.00000979900,0.00000450611,0.00000529289
0.05779907703,0.04800324440,0.01160414218,0.00000979900,0.00000450611,0.00000560283,0.00000979900,0.00000460147,0.00000519752
0.05883326530,0.04363148212,0.00920271873,0.00000967979,0.00000429153,0.00000422000,0.00000970363,0.00000460147,0.00000460147
0.05590107440,0.04628701210,0.01519346237,0.00000970363,0.00000450611,0.00000429153,0.00000967979,0.00000448226,0.00000448226
0.05758516788,0.05518007278,0.01094508171,0.00000910758,0.00000441074,0.00000419616,0.00000908374,0.00000460147,0.00000448226
0.05795757770,0.00199370384,0.00969650745,0.00001130104,0.00000519752,0.00000419616,0.00000970363,0.00000820159,0.00000469684
0.04393813610,0.00535411834,0.01436169147,0.00000979900,0.00000450611,0.00000429153,0.00000970363,0.00000498294,0.00000429153
0.05577132701,0.00657560825,0.03828887939,0.00000979900,0.00000450611,0.00000429153,0.00001051425,0.00000500679,0.00000450611
0.05756952762,0.01808633804,0.03999648094,0.00000979900,0.00000450611,0.00000429153,0.00000910758,0.00000510215,0.00000429153
0.06092989444,0.02133278846,0.02601008415,0.00001049041,0.00000460147,0.00000429153,0.00000967979,0.00000500679,0.00000460147
0.05578927993,0.00614318847,0.03019607067,0.00000896453,0.00000431537,0.00000419616,0.00000979900,0.00000417232,0.00000448226
0.05738916397,0.00655791759,0.04450681209,0.00000979900,0.00000450611,0.00000429153,0.00000829696,0.00000510215,0.00000460147
0.05881822109,0.00722799301,0.03429150581,0.00000779628,0.00000429153,0.00000438690,0.00000631809,0.00000441074,0.00000429153
0.05580027103,0.00595541000,0.02868282794,0.00000979900,0.00000460147,0.00000429153,0.00000910758,0.00000498294,0.00000460147
0.05669317245,0.00785434246,0.03351919651,0.00000779628,0.00000460147,0.00000591278,0.00000638961,0.00000500679,0.00000529289
0.02955040931,0.00516808032,0.00501530170,0.00000848770,0.00000448226,0.00000431537,0.00000901222,0.00000491142,0.00000469684
0.06707539558,0.02038998603,0.00468029975,0.00000901222,0.00000450611,0.00000422000,0.00000979900,0.00000488758,0.00000429153
0.05580356121,0.02814481258,0.01105852127,0.00000801086,0.00000431537,0.00000441074,0.00001020431,0.00000431537,0.00000460147
0.05658037662,0.02434568405,0.01340579986,0.00000760555,0.00000488758,0.00000431537,0.00000698566,0.00000500679,0.00000460147
0.02955529689,0.02069871425,0.00420680046,0.00000770092,0.00000450611,0.00000419616,0.00000841617,0.00000488758,0.00000460147
0.05883443355,0.01824772357,0.01428239345,0.00000910758,0.00000448226,0.00000419616,0.00000700950,0.00000500679,0.00000429153
0.02955536842,0.00573201179,0.02273254394,0.00000979900,0.00000441074,0.00000429153,0.00000886917,0.00000500679,0.00000457763
0.00754368305,0.02393820285,0.01486682891,0.00000910758,0.00000438690,0.00000429153,0.00000779628,0.00000510215,0.00000460147
0.00768530368,0.01940889358,0.03438472747,0.00000770092,0.00000450611,0.00000438690,0.00000629425,0.00000491142,0.00000460147
0.00931477546,0.02575602531,0.01466166973,0.00000710487,0.00000441074,0.00000429153,0.00000970363,0.00000429153,0.00000460147
0.00612447261,0.02797393798,0.01609706878,0.00000979900,0.00000431537,0.00000429153,0.00000967979,0.00000429153,0.00000429153
0.05612993240,0.02332746982,0.01263217926,0.00000779628,0.00000460147,0.00000429153,0.00000791549,0.00000488758,0.00000460147
0.04338722229,0.01831781864,0.00482048988,0.00000770092,0.00000441074,0.00000438690,0.00000770092,0.00000500679,0.00000419616
0.05389943122,0.04331600666,0.02462022304,0.00000700950,0.00000450611,0.00000541210,0.00000710487,0.00000491142,0.00000529289
0.05656571388,0.03576588630,0.02759015560,0.00000820159,0.00000460147,0.00000419616,0.00000760555,0.00000529289,0.00000438690
0.06996896266,0.00074980258,0.01316747665,0.00000779628,0.00000469684,0.00000429153,0.00000560283,0.00000491142,0.00000450611
0.05918824672,0.00672621726,0.04717710018,0.00000979900,0.00000460147,0.00000438690,0.00000839233,0.00000498294,0.00000460147
0.06555447578,0.00558991432,0.01338908672,0.00000741481,0.00000450611,0.00000429153,0.00000720024,0.00000500679,0.00000450611
0.01411225795,0.02789669036,0.02853763103,0.00000779628,0.00000429153,0.00000579357,0.00000910758,0.00000448226,0.00000560283
0.04794936180,0.02113714218,0.02033085823,0.00000979900,0.00000429153,0.00000438690,0.00000898838,0.00000429153,0.00000429153
0.04314870834,0.00729901790,0.01679713726,0.00001060962,0.00000460147,0.00000429153,0.00000908374,0.00000519752,0.00000429153
0.05767664909,0.00588808059,0.01964552402,0.00000970363,0.00000450611,0.00000429153,0.00000910758,0.00000498294,0.00000460147
0.05579359531,0.00634729862,0.02231688499,0.00000920295,0.00000431537,0.00000438690,0.00001051425,0.00000431537,0.00000460147
0.05761773586,0.04311962127,0.01792614459,0.00000979900,0.00000450611,0.00000429153,0.00000901222,0.00000491142,0.00000431537
0.05655057430,0.04817063808,0.00866477489,0.00000770092,0.00000429153,0.00000429153,0.00000569820,0.00000498294,0.00000460147
0.02955763339,0.06521382331,0.01409511566,0.00000710487,0.00000419616,0.00000429153,0.00000779628,0.00000419616,0.00000460147
0.04328012466,0.00740890502,0.03004379272,0.00000979900,0.00000441074,0.00000560283,0.00000970363,0.00000500679,0.00000679492
0.05767767429,0.00191168785,0.00230581760,0.00000989437,0.00000450611,0.00000429153,0.00001049041,0.00000481605,0.00000469684
0.04339818954,0.00479767322,0.02127301692,0.00000979900,0.00000450611,0.00000569820,0.00000979900,0.00000498294,0.00000610351
0.00175797939,0.00785551071,0.02568428516,0.00000519752,0.00000450611,0.00000548362,0.00000522136,0.00000500679,0.00000591278
0.00173230171,0.02109544277,0.01301631927,0.00000450611,0.00000436305,0.00000519752,0.00000450611,0.00000500679,0.00000648498
0.00173211097,0.01933991909,0.00898699760,0.00000422000,0.00000438690,0.00000429153,0.00000460147,0.00000519752,0.00000460147
0.00171549320,0.00937688350,0.00492377281,0.00000450611,0.00000491142,0.00000431537,0.00000460147,0.00000429153,0.00000448226
0.00520391464,0.02554953098,0.03403344154,0.00000450611,0.00000429153,0.00000417232,0.00000469684,0.00000438690,0.00000469684
0.00171146392,0.02795324325,0.04264450073,0.00000460147,0.00000419616,0.00000429153,0.00000460147,0.00000429153,0.00000450611
0.00172009468,0.02577319145,0.05388610363,0.00000431537,0.00000479221,0.00000429153,0.00000460147,0.00000500679,0.00000460147
0.00167510509,0.00075159072,0.01784412860,0.00000450611,0.00000441074,0.00000419616,0.00000450611,0.00000500679,0.00000431537
0.00171759128,0.00192370414,0.02437634468,0.00000441074,0.00000460147,0.00000438690,0.00000457763,0.00000486373,0.00000460147
0.00179328918,0.02522621154,0.03343653678,0.00000450611,0.00000448226,0.00000429153,0.00000441074,0.00000500679,0.00000460147
0.00166978836,0.02572658061,0.03427643775,0.00000450611,0.00000450611,0.00000429153,0.00000448226,0.00000491142,0.00000429153
0.00500330924,0.02238774299,0.02931337356,0.00000450611,0.00000450611,0.00000429153,0.00000450611,0.00000500679,0.00000448226
0.00466217994,0.02483098506,0.03344571590,0.00000450611,0.00000450611,0.00000417232,0.00000450611,0.00000500679,0.00000448226
0.00497961044,0.01942322254,0.00554649829,0.00000450611,0.00000450611,0.00000429153,0.00000579357,0.00000488758,0.00000460147
0.00473456382,0.02588536739,0.03390178680,0.00000441074,0.00000417232,0.00000431537,0.00000448226,0.00000429153,0.00000457763
0.00480670928,0.02239780426,0.00591809749,0.00000441074,0.00000460147,0.00000431537,0.00000460147,0.00000510215,0.00000460147
0.00404410362,0.01833748817,0.01151561737,0.00000448226,0.00000450611,0.00000431537,0.00000460147,0.00000500679,0.00000429153
0.02813665866,0.01618204116,0.01323273181,0.00000441074,0.00000438690,0.00000431537,0.00000541210,0.00000569820,0.00000429153
0.04527199268,0.01234519481,0.02840092182,0.00000431537,0.00000810623,0.00000441074,0.00000441074,0.00000669956,0.00000448226
0.03475182056,0.00233879089,0.02692718505,0.00000441074,0.00000770092,0.00000431537,0.00000429153,0.00000810623,0.00000460147
0.05178582668,0.00860781669,0.04200487136,0.00000431537,0.00000588893,0.00000431537,0.00000438690,0.00000429153,0.00000460147
0.04537558555,0.00674269199,0.05387823581,0.00000431537,0.00000760555,0.00000431537,0.00000450611,0.00000720024,0.00000460147
0.04468460083,0.01428618431,0.03237555027,0.00000407695,0.00000801086,0.00000441074,0.00000450611,0.00000808238,0.00000460147
0.05488271713,0.01596550941,0.01992549896,0.00000429153,0.00000600814,0.00000429153,0.00000448226,0.00000629425,0.00000460147
0.00179157257,0.01567878723,0.01990280151,0.00000438690,0.00000610351,0.00000429153,0.00000438690,0.00000629425,0.00000500679
0.04259760379,0.00677089691,0.01667840480,0.00000429153,0.00000970363,0.00000710487,0.00000441074,0.00000591278,0.00000522136
0.05028431415,0.00682661533,0.02432196140,0.00000429153,0.00000560283,0.00000498294,0.00000431537,0.00000591278,0.00000469684
0.05501537322,0.02393560409,0.03664257526,0.00000479221,0.00000560283,0.00000429153,0.00000429153,0.00000557899,0.00000450611
0.04542920589,0.02083461284,0.03239030838,0.00000429153,0.00000839233,0.00000429153,0.00000431537,0.00000889301,0.00000450611
0.04264640808,0.02213811874,0.03044321537,0.00000429153,0.00000548362,0.00000417232,0.00000441074,0.00000557899,0.00000460147
0.02218091487,0.03122110366,0.03458073139,0.00001649856,0.00000751018,0.00000438690,0.00001950263,0.00000760555,0.00000436305
0.00794641971,0.01618037223,0.03053572177,0.00000660419,0.00000760555,0.00000429153,0.00000438690,0.00000789165,0.00000441074
0.02091348171,0.00659728050,0.02301006317,0.00001418590,0.00000779628,0.00000429153,0.00001480579,0.00000929832,0.00000460147
0.02478859424,0.01647582054,0.02920908927,0.00001380443,0.00000789165,0.00000438690,0.00001399517,0.00000829696,0.00000460147
0.04200189113,0.01190867424,0.05725626945,0.00001890659,0.00000801086,0.00000429153,0.00001940727,0.00000841617,0.00000460147
0.02535872459,0.01411905288,0.03543770313,0.00000479221,0.00000550746,0.00000429153,0.00000619888,0.00000581741,0.00000429153
0.01894974708,0.01272430419,0.03528892993,0.00000510215,0.00000779628,0.00000660419,0.00000526905,0.00000791549,0.00000610351
0.04687581062,0.00509078502,0.03526978492,0.00000448226,0.00000619888,0.00000429153,0.00000450611,0.00000648498,0.00000469684
0.03243103027,0.00692710876,0.03851320743,0.00000472068,0.00000708103,0.00000419616,0.00000438690,0.00000569820,0.00000431537
0.04374620914,0.00690240859,0.01731986999,0.00000429153,0.00000739097,0.00000429153,0.00000438690,0.00000770092,0.00000422000
0.02695960998,0.01135683059,0.01570186614,0.00000450611,0.00000791549,0.00000550746,0.00000450611,0.00000829696,0.00000522136
0.02281384468,0.01058290004,0.01297712326,0.00000450611,0.00000770092,0.00000550746,0.00000448226,0.00000782012,0.00000531673
0.04172775745,0.00509669780,0.01359677314,0.00000920295,0.00000431537,0.00000557899,0.00001008510,0.00000598430,0.00000531673
0.02332589626,0.00520000457,0.03429713249,0.00000431537,0.00000431537,0.00000431537,0.00000631809,0.00000417232,0.00000431537
0.03204014301,0.00664079189,0.03744461536,0.00000770092,0.00000431537,0.00000429153,0.00000782012,0.00000429153,0.00000457763
0.00845110416,0.00668640136,0.02567229270,0.00000870227,0.00000429153,0.00000579357,0.00000882148,0.00000510215,0.00000529289
0.00330719947,0.00532112121,0.03763980865,0.00000760555,0.00000419616,0.00000441074,0.00000779628,0.00000429153,0.00000429153
0.01739032268,0.00660097599,0.03398239612,0.00000748634,0.00000419616,0.00000429153,0.00000770092,0.00000429153,0.00000469684
0.00828621387,0.00507121086,0.02579143047,0.00000810623,0.00000429153,0.00000431537,0.00000829696,0.00000429153,0.00000450611
0.02279231548,0.01068139076,0.02551980018,0.00000431537,0.00000429153,0.00000419616,0.00000510215,0.00000429153,0.00000469684
0.02190747261,0.00510499477,0.03267886638,0.00000801086,0.00000429153,0.00000429153,0.00000820159,0.00000400543,0.00000469684
0.04170289039,0.00429358482,0.02867627143,0.00000739097,0.00000429153,0.00000438690,0.00000770092,0.00000429153,0.00000460147
0.00368700027,0.00626099109,0.02549123764,0.00000650882,0.00000419616,0.00000426769,0.00000679492,0.00000429153,0.00000460147
0.00782120227,0.02577023506,0.01634252071,0.00000751018,0.00000429153,0.00000469684,0.00000779628,0.00000429153,0.00000431537
0.03876831531,0.01119060516,0.03004181385,0.00000441074,0.00000422000,0.00000438690,0.00000500679,0.00000429153,0.00000481605
0.02194635868,0.00944652557,0.01352193355,0.00000820159,0.00000431537,0.00000438690,0.00000829696,0.00000419616,0.00000431537
0.05397262573,0.00778410434,0.05048217773,0.00000779628,0.00000419616,0.00000419616,0.00000798702,0.00000431537,0.00000460147
0.03231492042,0.00491509437,0.02031910419,0.00000751018,0.00000422000,0.00000538825,0.00000770092,0.00000419616,0.00000519752
0.04098911285,0.00529532432,0.01675179004,0.00000479221,0.00000419616,0.00000419616,0.00000660419,0.00000422000,0.00000429153
0.00364379882,0.00678472518,0.03212261199,0.00000417232,0.00000419616,0.00000429153,0.00000429153,0.00000431537,0.00000460147
0.00304450988,0.00414009094,0.01952846050,0.00000429153,0.00000419616,0.00000429153,0.00000419616,0.00000431537,0.00000460147
0.03797290325,0.00784351825,0.00486381053,0.00000419616,0.00000429153,0.00000438690,0.00000429153,0.00000431537,0.00000422000
0.02393381595,0.01380841732,0.02999527454,0.00000429153,0.00000407695,0.00000438690,0.00000431537,0.00000419616,0.00000450611
0.03457841873,0.00640149116,0.02876036167,0.00000431537,0.00000429153,0.00000419616,0.00000431537,0.00000431537,0.00000469684
0.00364320278,0.01131739616,0.01651971340,0.00000431537,0.00000419616,0.00000419616,0.00000419616,0.00000429153,0.00000469684
0.00304429531,0.01359372138,0.01422450542,0.00000412464,0.00000429153,0.00000426769,0.00000431537,0.00000417232,0.00000429153
0.02129964828,0.00719082355,0.03409612178,0.00000431537,0.00000410079,0.00000588893,0.00000431537,0.00000429153,0.00000610351
0.00790674686,0.02520949840,0.03432312011,0.00000422000,0.00000429153,0.00000569820,0.00000422000,0.00000429153,0.00000622272
0.02425265312,0.01348664760,0.03497889041,0.00000431537,0.00000431537,0.00000417232,0.00000531673,0.00000429153,0.00000460147
0.02131857872,0.01702835559,0.03234703540,0.00000431537,0.00000431537,0.00000419616,0.00000410079,0.00000438690,0.00000460147
0.01657457351,0.00582258701,0.02730710506,0.00000431537,0.00000431537,0.00000579357,0.00000431537,0.00000431537,0.00000610351
0.00679841041,0.00581011772,0.01531689167,0.00000419616,0.00000431537,0.00000550746,0.00000419616,0.00000419616,0.00000519752
0.03670892715,0.01516389846,0.04770328998,0.00000481605,0.00000422000,0.00000422000,0.00000610351,0.00000422000,0.00000460147
0.00366950035,0.01639475822,0.02896177768,0.00000412464,0.00000422000,0.00000422000,0.00000412464,0.00000431537,0.00000460147
0.02078461647,0.00920791625,0.01445910930,0.00000431537,0.00000431537,0.00000419616,0.00000431537,0.00000431537,0.00000422000
0.03798637390,0.00988130569,0.03913779258,0.00000419616,0.00000429153,0.00000472068,0.00000422000,0.00000410079,0.00000431537
0.03709869384,0.01526100635,0.07324047088,0.00000431537,0.00000431537,0.00000431537,0.00000431537,0.00000431537,0.00000460147
0.02129309177,0.01955840587,0.04253661632,0.00000431537,0.00000429153,0.00000441074,0.00000431537,0.00000429153,0.00000469684
0.04090757369,0.01895251274,0.04039072990,0.00000431537,0.00000429153,0.00000431537,0.00000431537,0.00000419616,0.00000429153
0.00857973098,0.01844205856,0.06370563507,0.00000429153,0.00000419616,0.00000431537,0.00000431537,0.00000429153,0.00000441074
0.00665447711,0.00643599033,0.05620377063,0.00000429153,0.00000419616,0.00000431537,0.00000431537,0.00000429153,0.00000460147
0.03679041862,0.01381480693,0.04641938209,0.00000419616,0.00000419616,0.00000441074,0.00000431537,0.00000417232,0.00000460147
0.05417611598,0.04497990608,0.05578529834,0.00000429153,0.00000419616,0.00000438690,0.00000429153,0.00000429153,0.00000460147
0.06940853595,0.01706159114,0.05771257877,0.00000429153,0.00000419616,0.00000417232,0.00000431537,0.00000429153,0.00000410079
0.05428299903,0.06177334785,0.00607938766,0.00000429153,0.00000407695,0.00000579357,0.00000429153,0.00000429153,0.00000529289
0.03055298328,0.05430741310,0.00242061614,0.00000400543,0.00000429153,0.00000429153,0.00000410079,0.00000429153,0.00000450611
0.03705472946,0.00928361415,0.01164021492,0.00000429153,0.00000431537,0.00000560283,0.00000429153,0.00000429153,0.00000510215
0.05894880294,0.03456091880,0.00384118556,0.00000429153,0.00000431537,0.00000560283,0.00000419616,0.00000429153,0.00000598430
0.03158438205,0.01745953559,0.00349009037,0.00000429153,0.00000412464,0.00000560283,0.00000429153,0.00000429153,0.00000588893
0.02186443805,0.02119235992,0.00564730167,0.00000431537,0.00000429153,0.00000538825,0.00000429153,0.00000419616,0.00000619888
0.03799695968,0.01247270107,0.00218939781,0.00000431537,0.00000429153,0.00000410079,0.00000410079,0.00000429153,0.00000450611
0.01600430011,0.00634529590,0.00174059867,0.00000431537,0.00000429153,0.00000429153,0.00000419616,0.00000412464,0.00000460147
0.05237872600,0.01380650997,0.00166790485,0.00000419616,0.00000429153,0.00000419616,0.00000419616,0.00000431537,0.00000438690
0.02834403514,0.04100675582,0.00173549652,0.00000569820,0.00000431537,0.00000438690,0.00000979900,0.00000422000,0.00000429153
0.02661740779,0.04074268341,0.00685310363,0.00000450611,0.00000429153,0.00000538825,0.00000472068,0.00000431537,0.00000519752
0.00992960929,0.02887401580,0.03498396873,0.00000460147,0.00000431537,0.00000510215,0.00000450611,0.00000422000,0.00000748634
0.00541691780,0.03105630874,0.03395671844,0.00000448226,0.00000400543,0.00000429153,0.00000460147,0.00000422000,0.00000429153
0.04313740730,0.02293632030,0.03245370388,0.00000460147,0.00000431537,0.00000560283,0.00000457763,0.00000419616,0.00000500679
0.03172585964,0.02998602390,0.01679675579,0.00000448226,0.00000431537,0.00000429153,0.00000469684,0.00000419616,0.00000431537
0.02309801578,0.02504291534,0.02488489151,0.00000469684,0.00000429153,0.00000479221,0.00000460147,0.00000429153,0.00000472068
0.02966959476,0.01660449504,0.01005940437,0.00000429153,0.00000429153,0.00000429153,0.00000419616,0.00000429153,0.00000431537
0.03166084289,0.02960350513,0.02993631362,0.00000429153,0.00000429153,0.00000429153,0.00000431537,0.00000429153,0.00000431537
0.02507612705,0.00938203334,0.03135101795,0.00000429153,0.00000419616,0.00000429153,0.00000431537,0.00000429153,0.00000431537
0.03364143371,0.00634949207,0.02345323562,0.00000429153,0.00000429153,0.00000431537,0.00000431537,0.00000429153,0.00000431537
0.03166618347,0.00612590312,0.01088800430,0.00000419616,0.00000429153,0.00000500679,0.00000431537,0.00000429153,0.00000431537
0.01409051418,0.02071702480,0.02604191303,0.00000438690,0.00000429153,0.00000429153,0.00000431537,0.00000429153,0.00000422000
0.02499611377,0.02351100444,0.03239147663,0.00000431537,0.00000429153,0.00000422000,0.00000431537,0.00000429153,0.00000419616
0.02982943058,0.02191948890,0.02247800827,0.00000429153,0.00000429153,0.00000469684,0.00000429153,0.00000429153,0.00000472068
0.02505381107,0.00638320446,0.02414200305,0.00000429153,0.00000431537,0.00000431537,0.00000431537,0.00000429153,0.00000429153
0.03889203071,0.01108450889,0.00807070732,0.00000431537,0.00000419616,0.00000429153,0.00000429153,0.00000429153,0.00000431537
0.01346971988,0.00969038009,0.00753376483,0.00000429153,0.00000431537,0.00000422000,0.00000429153,0.00000431537,0.00000419616
0.04694201946,0.01321594715,0.01358425617,0.00000429153,0.00000431537,0.00000419616,0.00000510215,0.00000419616,0.00000431537
0.02853271961,0.00961368083,0.04370527267,0.00000429153,0.00000510215,0.00000429153,0.00000429153,0.00000431537,0.00000422000
0.05724849700,0.04297609329,0.04368982315,0.00000720024,0.00000429153,0.00000429153,0.00000891685,0.00000429153,0.00000431537
0.05749292373,0.05946543216,0.02983207702,0.00000550746,0.00000429153,0.00000429153,0.00000569820,0.00000410079,0.00000431537
0.06283171176,0.05443930625,0.04337680339,0.00000569820,0.00000429153,0.00000429153,0.00000560283,0.00000429153,0.00000431537
0.07281467914,0.02888760566,0.01797249317,0.00000569820,0.00000431537,0.00000419616,0.00000579357,0.00000429153,0.00000422000
0.06860334873,0.02633707523,0.03714003562,0.00000560283,0.00000431537,0.00000429153,0.00000560283,0.00000431537,0.00000431537
0.01386227607,0.00086901187,0.01676125526,0.00000579357,0.00000412464,0.00000429153,0.00000560283,0.00000431537,0.00000510215
0.06828005313,0.00234339237,0.00840518474,0.00000560283,0.00000431537,0.00000429153,0.00000591278,0.00000431537,0.00000419616
0.06865293979,0.00065147876,0.02581331729,0.00000550746,0.00000431537,0.00000491142,0.00000560283,0.00000429153,0.00000519752
0.06862921714,0.00478758811,0.00817468166,0.00000598430,0.00000419616,0.00000431537,0.00000569820,0.00000429153,0.00000431537
0.06861248016,0.00157799720,0.00995628833,0.00000560283,0.00000419616,0.00000422000,0.00000579357,0.00000429153,0.00000429153
0.00287270545,0.00175600051,0.04993290901,0.00000720024,0.00000429153,0.00000431537,0.00000779628,0.00000429153,0.00000431537
0.00248222351,0.05807652473,0.01384882926,0.00000650882,0.00000739097,0.00000429153,0.00000669956,0.00000619888,0.00000429153
0.00480690002,0.06375188827,0.00726470947,0.00000910758,0.00000581741,0.00000429153,0.00000700950,0.00000600814,0.00000431537
0.00595989227,0.04535953998,0.01050648689,0.00000660419,0.00000438690,0.00000429153,0.00000669956,0.00000431537,0.00000431537
0.00268731117,0.06181561946,0.02869727611,0.00000669956,0.00000581741,0.00000469684,0.00000669956,0.00000638961,0.00000422000
0.00484611988,0.04300651550,0.03344333171,0.00000641345,0.00000431537,0.00000429153,0.00000660419,0.00000429153,0.00000431537
0.05534069538,0.05954852104,0.02303411960,0.00000469684,0.00000431537,0.00000469684,0.00000510215,0.00000429153,0.00000481605
0.05090939998,0.05251863002,0.02467982769,0.00000429153,0.00000431537,0.00000410079,0.00000429153,0.00000429153,0.00000431537
0.02996623516,0.07471477985,0.02350783348,0.00000429153,0.00000581741,0.00000429153,0.00000429153,0.00000579357,0.00000431537
0.04688315391,0.04516100883,0.01401994228,0.00000429153,0.00000431537,0.00000422000,0.00000460147,0.00000431537,0.00000422000
0.05118761062,0.03933899402,0.00727438926,0.00000431537,0.00000431537,0.00000431537,0.00000460147,0.00000429153,0.00000431537
0.05154101848,0.06050579547,0.03267638683,0.00000431537,0.00000431537,0.00000450611,0.00000419616,0.00000431537,0.00000491142
0.04670217037,0.06209030151,0.03215160369,0.00000431537,0.00000569820,0.00000429153,0.00000422000,0.00000569820,0.00000431537
0.04564800262,0.06668603420,0.03000020980,0.00000422000,0.00000579357,0.00000419616,0.00000429153,0.00000581741,0.00000422000
0.02997498512,0.05515656471,0.02433059215,0.00000472068,0.00000560283,0.00000429153,0.00000491142,0.00000560283,0.00000422000
0.00530951023,0.05879402160,0.00502638816,0.00000431537,0.00000419616,0.00000579357,0.00000429153,0.00000429153,0.00000579357
0.01175949573,0.06338410377,0.02284157276,0.00000422000,0.00000579357,0.00000429153,0.00000429153,0.00000569820,0.00000441074
0.00482122898,0.06542189121,0.02296562194,0.00000419616,0.00000560283,0.00000429153,0.00000429153,0.00000579357,0.00000519752
0.00382769107,0.06530888080,0.02674095630,0.00000431537,0.00000431537,0.00000429153,0.00000419616,0.00000429153,0.00000431537
0.00512280464,0.00628759860,0.02701787948,0.00000429153,0.00000488758,0.00000431537,0.00000429153,0.00000519752,0.00000431537
0.02546031475,0.01190133094,0.02930507659,0.00000429153,0.00000448226,0.00000431537,0.00000417232,0.00000460147,0.00000422000
0.01206467151,0.01703624725,0.02298188209,0.00000417232,0.00000417232,0.00000431537,0.00000429153,0.00000431537,0.00000422000
0.02996950149,0.00875189304,0.04613752365,0.00000600814,0.00000460147,0.00000431537,0.00000748634,0.00000460147,0.00000431537
0.01170520782,0.00378577709,0.03518497943,0.00000541210,0.00000429153,0.00000419616,0.00000538825,0.00000429153,0.00000429153
0.03074381351,0.02262563705,0.05509934425,0.00000560283,0.00000429153,0.00000431537,0.00000538825,0.00000429153,0.00000422000
0.02943382263,0.00540068149,0.03536167144,0.00000541210,0.00000469684,0.00000407695,0.00000560283,0.00000441074,0.00000429153
0.02963466644,0.04202253818,0.04685771465,0.00000548362,0.00000419616,0.00000429153,0.00000541210,0.00000422000,0.00000429153
0.02937228679,0.04134821891,0.00919277667,0.00000550746,0.00000429153,0.00000510215,0.00000529289,0.00000431537,0.00000429153
0.01129171848,0.01807818412,0.01856009960,0.00000550746,0.00000450611,0.00000519752,0.00000538825,0.00000431537,0.00000519752
0.04582858085,0.03645963668,0.01833915710,0.00000550746,0.00000431537,0.00000431537,0.00000541210,0.00000422000,0.00000429153
0.04903681278,0.01598901748,0.02328877449,0.00000548362,0.00000901222,0.00000422000,0.00000538825,0.00000619888,0.00000419616
0.04310734272,0.00273139476,0.00502538681,0.00000541210,0.00000979900,0.00000541210,0.00000538825,0.00000908374,0.00000538825
0.06056251525,0.04269032478,0.02308490276,0.00000741481,0.00000851154,0.00000422000,0.00000469684,0.00000500679,0.00000429153
0.05795874595,0.03808162212,0.04615366458,0.00000538825,0.00000779628,0.00000431537,0.00000548362,0.00000450611,0.00000429153
0.02448740005,0.03230218887,0.06059701442,0.00000538825,0.00000789165,0.00000431537,0.00000541210,0.00000510215,0.00000429153
0.00403289794,0.03340291976,0.03943827152,0.00000541210,0.00000772476,0.00000431537,0.00000541210,0.00000438690,0.00000429153
0.04886209964,0.03478493690,0.04235191345,0.00000538825,0.00000882148,0.00000422000,0.00000529289,0.00000431537,0.00000429153
0.06127171516,0.03279190063,0.02750055789,0.00000970363,0.00001020431,0.00000431537,0.00000438690,0.00000450611,0.00000429153
0.04899034500,0.00138220787,0.04699046611,0.00000569820,0.00000529289,0.00000419616,0.00000560283,0.00000460147,0.00000407695
0.06132102012,0.00941820144,0.03517577648,0.00000970363,0.00000779628,0.00000431537,0.00000438690,0.00000460147,0.00000419616
0.01140360832,0.04731941223,0.05549869537,0.00000541210,0.00000851154,0.00000431537,0.00000550746,0.00000660419,0.00000429153
0.06585962772,0.03816351890,0.01782643795,0.00000538825,0.00000770092,0.00000450611,0.00000550746,0.00000448226,0.00000691413
0.05861229896,0.05043776035,0.02711970806,0.00000548362,0.00000829696,0.00000419616,0.00000550746,0.00000510215,0.00000429153
0.07343130111,0.04932837486,0.00061631202,0.00000560283,0.00000889301,0.00000660419,0.00000569820,0.00000519752,0.00000500679
0.04855172634,0.04949257373,0.00080661773,0.00000538825,0.00000810623,0.00000967979,0.00000548362,0.00000460147,0.00000438690
0.06587150096,0.04697141647,0.02337799072,0.00000591278,0.00000770092,0.00000689029,0.00000538825,0.00000450611,0.00000820159
0.02980763912,0.06269953250,0.00060420036,0.00000538825,0.00000429153,0.00000970363,0.00000541210,0.00000450611,0.00000438690
0.06113464832,0.04594056606,0.02080340385,0.00000550746,0.00000431537,0.00000488758,0.00000550746,0.00000460147,0.00000429153
0.01355166435,0.04699680805,0.02376847267,0.00000460147,0.00000829696,0.00000431537,0.00000610351,0.00000441074,0.00000419616
0.01095750331,0.03660044670,0.00057446956,0.00000429153,0.00001029968,0.00000422000,0.00000410079,0.00000519752,0.00000429153
0.01266450881,0.04413654804,0.00289371013,0.00000419616,0.00000779628,0.00000431537,0.00000431537,0.00000448226,0.00000429153
0.01194708347,0.03951790332,0.00099289417,0.00000419616,0.00000779628,0.00000979900,0.00000429153,0.00000460147,0.00000460147
0.00926017761,0.01111099720,0.00235948562,0.00000429153,0.00000767707,0.00000419616,0.00000431537,0.00000469684,0.00000429153
0.02777822017,0.01300418376,0.00199091434,0.00000429153,0.00000779628,0.00000960826,0.00000429153,0.00000450611,0.00000438690
0.02219841480,0.00893940925,0.02415699958,0.00000429153,0.00000500679,0.00000600814,0.00000417232,0.00000550746,0.00000679492
0.05330743789,0.04400868415,0.02079560756,0.00000448226,0.00000770092,0.00000429153,0.00000469684,0.00000479221,0.00000438690
0.04372894763,0.02182769775,0.03301908969,0.00000429153,0.00000429153,0.00000422000,0.00000429153,0.00000460147,0.00000441074
0.04815442562,0.04882128238,0.00115950107,0.00000419616,0.00000760555,0.00000641345,0.00000429153,0.00000441074,0.00000441074
0.05249860286,0.00396206378,0.04511086940,0.00000429153,0.00000510215,0.00000600814,0.00000429153,0.00000460147,0.00000751018
0.05033690929,0.00566320419,0.05262138843,0.00000417232,0.00000491142,0.00000839233,0.00000429153,0.00000531673,0.00000436305
0.04370021820,0.00044019222,0.00070190429,0.00000429153,0.00000510215,0.00000429153,0.00000429153,0.00000469684,0.00000431537
0.06182959079,0.00086979866,0.00116028785,0.00000429153,0.00000500679,0.00000429153,0.00000429153,0.00000519752,0.00000429153
0.05909237861,0.02232298851,0.00093097686,0.00000429153,0.00000429153,0.00000770092,0.00000407695,0.00000460147,0.00000441074
0.06120080947,0.04720680713,0.02454278469,0.00000429153,0.00000820159,0.00000591278,0.00000429153,0.00000519752,0.00000681877
0.05797700881,0.03830959796,0.00045340061,0.00000417232,0.00000779628,0.00000970363,0.00000429153,0.00000438690,0.00000438690
0.04811556339,0.04927649497,0.02255859375,0.00000429153,0.00000829696,0.00000431537,0.00000419616,0.00000510215,0.00000429153
0.05568740367,0.01315000057,0.02075829505,0.00000429153,0.00000798702,0.00000431537,0.00000419616,0.00000448226,0.00000429153
0.06692306995,0.06605837345,0.04897539615,0.00000429153,0.00000419616,0.00000901222,0.00000429153,0.00000469684,0.00000431537
0.04674143791,0.01609215736,0.00058250427,0.00000429153,0.00000979900,0.00000638961,0.00000429153,0.00000479221,0.00000460147
0.04817168712,0.01276500225,0.00046741962,0.00000429153,0.00000970363,0.00000908374,0.00001749992,0.00000450611,0.00000441074
0.06292252540,0.00869491100,0.00137641429,0.00000419616,0.00000500679,0.00000860691,0.00000560283,0.00000538825,0.00000431537
0.05745062828,0.02542738914,0.00115110874,0.00000419616,0.00000770092,0.00000960826,0.00000429153,0.00000448226,0.00000438690
0.05280761718,0.02197852134,0.00079641342,0.00000419616,0.00000979900,0.00000970363,0.00000429153,0.00000441074,0.00000438690
0.06118741035,0.02287948131,0.02984280586,0.00000429153,0.00000760555,0.00000431537,0.00000417232,0.00000531673,0.00000419616
0.04674820899,0.05234003067,0.02991597652,0.00000429153,0.00000710487,0.00000431537,0.00000429153,0.00000450611,0.00000429153
0.02879550457,0.06479609012,0.04463458061,0.00000431537,0.00000422000,0.00000591278,0.00000429153,0.00000457763,0.00000669956
0.06086642742,0.07589411735,0.00091149806,0.00000429153,0.00000422000,0.00000979900,0.00000429153,0.00000438690,0.00000436305
0.06600470542,0.07324349880,0.00085158348,0.00000422000,0.00000979900,0.00000970363,0.00000429153,0.00000450611,0.00000441074
0.06518869400,0.07195549011,0.02745041847,0.00000431537,0.00000681877,0.00000970363,0.00000429153,0.00000429153,0.00000450611
0.06140153408,0.06629121303,0.00311989784,0.00000431537,0.00000810623,0.00000569820,0.00000419616,0.00000519752,0.00000469684
0.06528394222,0.07098793983,0.00138151645,0.00000431537,0.00000429153,0.00000770092,0.00000429153,0.00000460147,0.00000448226
0.07210462093,0.06347517967,0.02716519832,0.00000429153,0.00000770092,0.00000419616,0.00000431537,0.00000448226,0.00000441074
0.07046532630,0.02648649215,0.03288285732,0.00000429153,0.00000450611,0.00000979900,0.00000469684,0.00000720024,0.00000450611
0.04827272891,0.02417421340,0.02517495155,0.00000429153,0.00000410079,0.00000600814,0.00000429153,0.00000431537,0.00001001358
0.05742144584,0.01713287830,0.00094790458,0.00000429153,0.00000550746,0.00000560283,0.00000429153,0.00000429153,0.00000448226
0.05582726001,0.00402550697,0.02257964611,0.00000429153,0.00000488758,0.00000429153,0.00000429153,0.00000431537,0.00000429153
0.07208211421,0.03010933399,0.03266918659,0.00000429153,0.00000450611,0.00000898838,0.00000429153,0.00000419616,0.00000450611
0.06019132137,0.00338118076,0.00641729831,0.00000431537,0.00000538825,0.00001320838,0.00000429153,0.00000431537,0.00001680850
0.06855611801,0.00165901184,0.00508589744,0.00000429153,0.00000431537,0.00001149177,0.00000429153,0.00000431537,0.00001161098
0.06019501686,0.04793188571,0.00267989635,0.00000431537,0.00000431537,0.00000438690,0.00000510215,0.00000469684,0.00000479221
0.06525373458,0.05208830833,0.01431097984,0.00000429153,0.00000422000,0.00000801086,0.00000431537,0.00000429153,0.00000841617
0.04371373653,0.00343608856,0.02433898448,0.00000431537,0.00000429153,0.00000841617,0.00000419616,0.00000429153,0.00000848770
0.06584818363,0.00321786403,0.02252607345,0.00000431537,0.00000419616,0.00000679492,0.00000431537,0.00000419616,0.00000710487
0.06160988807,0.02176702022,0.00244021415,0.00000419616,0.00000429153,0.00001091957,0.00000429153,0.00000419616,0.00001080036
0.07165744304,0.00343790054,0.00213236808,0.00000410079,0.00000429153,0.00000450611,0.00000429153,0.00000419616,0.00000431537
0.06255245208,0.00353050231,0.00601079463,0.00000419616,0.00000450611,0.00000429153,0.00000419616,0.00000429153,0.00000431537
0.06018259525,0.04535522460,0.00192821025,0.00000429153,0.00000431537,0.00000450611,0.00000431537,0.00000429153,0.00000438690
0.04231870174,0.00190260410,0.01916942596,0.00000579357,0.00000422000,0.00000851154,0.00000700950,0.00000429153,0.00000870227
0.01500949859,0.00277609825,0.00536632537,0.00000500679,0.00000422000,0.00001189708,0.00000529289,0.00000431537,0.00001149177
0.01373403072,0.00164191722,0.00269370079,0.00000519752,0.00000431537,0.00000441074,0.00000536441,0.00000410079,0.00000438690
0.04083657264,0.00364191532,0.00406408309,0.00000782012,0.00000429153,0.00000450611,0.00000450611,0.00000450611,0.00000429153
0.06372532844,0.00400619506,0.01655488014,0.00000519752,0.00000419616,0.00000758171,0.00000538825,0.00000407695,0.00000770092
0.05850479602,0.00318329334,0.00710210800,0.00000500679,0.00000419616,0.00000569820,0.00000529289,0.00000419616,0.00000579357
0.02157626152,0.00319230556,0.01853358745,0.00000910758,0.00000429153,0.00000770092,0.00000438690,0.00000429153,0.00000789165
0.00553700923,0.02855527400,0.00371751785,0.00000500679,0.00000469684,0.00001130104,0.00000529289,0.00000429153,0.00001120567
0.03945758342,0.02429893016,0.00509941577,0.00000510215,0.00000429153,0.00000448226,0.00000519752,0.00000431537,0.00000429153
0.03680646419,0.00173351764,0.00554566383,0.00000779628,0.00000429153,0.00000441074,0.00000450611,0.00000431537,0.00000438690
0.05017449855,0.00153100490,0.02531707286,0.00000510215,0.00000419616,0.00000431537,0.00000529289,0.00000431537,0.00000438690
0.04229595661,0.00157039165,0.01487669944,0.00000500679,0.00000429153,0.00001161098,0.00000529289,0.00000431537,0.00001180171
0.05810720920,0.00318531990,0.01482350826,0.00000779628,0.00000429153,0.00001149177,0.00000450611,0.00000431537,0.00001139640
0.03174161911,0.00168220996,0.00874238014,0.00000495910,0.00000429153,0.00001120567,0.00000610351,0.00000431537,0.00001139640
0.02782163619,0.00313720703,0.04403183460,0.00000510215,0.00000429153,0.00001108646,0.00000529289,0.00000400543,0.00001130104
0.04106280803,0.01851706504,0.00502440929,0.00000770092,0.00000407695,0.00000448226,0.00000450611,0.00000431537,0.00000407695
0.05429961681,0.00381197929,0.00264151096,0.00000510215,0.00000429153,0.00000450611,0.00000531673,0.00000450611,0.00000438690
0.06414389610,0.05207078456,0.00590760707,0.00000541210,0.00000429153,0.00000429153,0.00000541210,0.00000429153,0.00000429153
0.06914002895,0.00438091754,0.00275261402,0.00000791549,0.00000429153,0.00000429153,0.00000450611,0.00000429153,0.00000441074
0.03904004096,0.00762572288,0.02117347717,0.00000779628,0.00000429153,0.00000829696,0.00000441074,0.00000407695,0.00000851154
0.06293859481,0.06072666645,0.01416640281,0.00000510215,0.00000429153,0.00000808238,0.00000531673,0.00000429153,0.00000829696
0.03172118663,0.00332958698,0.01194636821,0.00000500679,0.00000429153,0.00000801086,0.00000522136,0.00000429153,0.00000810623
0.05832991600,0.04548509120,0.00472869873,0.00000510215,0.00000429153,0.00001151561,0.00000529289,0.00000438690,0.00001161098
0.01499233245,0.05779149532,0.00255448818,0.00000500679,0.00000429153,0.00001101493,0.00000529289,0.00000410079,0.00001111030
0.02422749996,0.00343420505,0.01929440498,0.00000550746,0.00000429153,0.00000448226,0.00000929832,0.00000429153,0.00000410079
0.00416960716,0.00629048347,0.00525760650,0.00000419616,0.00000429153,0.00000691413,0.00000770092,0.00000429153,0.00000720024
0.03741316795,0.05750615596,0.00293838977,0.00000541210,0.00000460147,0.00001058578,0.00000629425,0.00000426769,0.00001080036
0.04437313079,0.00442349910,0.00628371238,0.00000529289,0.00000422000,0.00001211166,0.00000610351,0.00000419616,0.00001208782
0.05116949081,0.00458180904,0.00479321479,0.00000438690,0.00000481605,0.00001158714,0.00000426769,0.00000720024,0.00001170635
0.01070210933,0.01885004043,0.00505831241,0.00000429153,0.00000450611,0.00001139640,0.00000770092,0.00000441074,0.00001139640
0.05826592445,0.01840901374,0.00217480659,0.00000510215,0.00000460147,0.00000450611,0.00000588893,0.00000460147,0.00000438690
0.04462451934,0.02320563793,0.00510380268,0.00000560283,0.00000422000,0.00000419616,0.00000610351,0.00000429153,0.00000441074
0.04703295230,0.04994220733,0.01016211509,0.00000519752,0.00000422000,0.00000810623,0.00000600814,0.00000429153,0.00000829696
0.04697589874,0.02274436950,0.00485372543,0.00000510215,0.00001831054,0.00001151561,0.00000588893,0.00002090930,0.00001161098
0.05208485126,0.02372059822,0.03001580238,0.00000510215,0.00001490116,0.00001158714,0.00000591278,0.00001590251,0.00001158714
0.01067898273,0.00736818313,0.02571778297,0.00000460147,0.00000438690,0.00000569820,0.00000908374,0.00000538825,0.00000619888
0.06252317428,0.01976566314,0.02833509445,0.00000498294,0.00000429153,0.00000710487,0.00000588893,0.00000479221,0.00000717639
0.02998421192,0.00549459457,0.03093998432,0.00000510215,0.00001578330,0.00000879764,0.00000591278,0.00001740455,0.00000901222
0.06476173400,0.02365601062,0.01837136745,0.00000510215,0.00001451969,0.00000791549,0.00000641345,0.00001530647,0.00000798702
0.06597712039,0.02570302486,0.01943340301,0.00000498294,0.00001709461,0.00000751018,0.00000598430,0.00001809597,0.00000770092
0.04708168506,0.02280664443,0.04780571460,0.00000510215,0.00001409053,0.00001139640,0.00000591278,0.00001518726,0.00001158714
0.06476886272,0.03746361732,0.02904112339,0.00000507831,0.00000431537,0.00001149177,0.00000591278,0.00000491142,0.00001149177
0.03392660617,0.01857287883,0.05315256118,0.00000450611,0.00001368522,0.00001120567,0.00000689029,0.00001478195,0.00001142024
0.02864327430,0.02061560153,0.04464402198,0.00000417232,0.00001361370,0.00001130104,0.00000429153,0.00001471042,0.00001108646
0.04738488197,0.04146525859,0.00611720085,0.00000429153,0.00000431537,0.00000438690,0.00000419616,0.00000529289,0.00000450611
0.03757543563,0.03636355400,0.05105357170,0.00000429153,0.00001351833,0.00001180171,0.00000429153,0.00001449584,0.00001158714
0.04981977939,0.02683403491,0.00295810699,0.00000429153,0.00000438690,0.00000429153,0.00000429153,0.00000469684,0.00000419616
0.02756030559,0.04298176765,0.00785574913,0.00000429153,0.00000431537,0.00000669956,0.00000429153,0.00000479221,0.00000679492
0.04591169357,0.02173032760,0.01883342266,0.00000429153,0.00001418590,0.00001170635,0.00000419616,0.00001509189,0.00001180171
0.01582202911,0.02760250568,0.01478469371,0.00000429153,0.00000429153,0.00001151561,0.00000500679,0.00000491142,0.00001170635
0.02723853588,0.02546172142,0.04404156208,0.00000431537,0.00001420974,0.00001139640,0.00000431537,0.00001528263,0.00001130104
0.02873022556,0.03894433975,0.04451887607,0.00000429153,0.00001509189,0.00001111030,0.00000419616,0.00001599788,0.00001120567
0.02489590644,0.00636940002,0.05146801471,0.00000531673,0.00000431537,0.00001139640,0.00000481605,0.00000491142,0.00001130104
0.01061558723,0.02314257621,0.02609009742,0.00000441074,0.00000431537,0.00000419616,0.00000429153,0.00000479221,0.00000450611
0.01045939922,0.00913081169,0.01337308883,0.00000422000,0.00000431537,0.00001130104,0.00000429153,0.00000479221,0.00001151561
0.01034429073,0.02533528804,0.01586873531,0.00000431537,0.00001411437,0.00001111030,0.00000429153,0.00001511573,0.00001118183
0.01021339893,0.03752963542,0.04768567085,0.00000431537,0.00000429153,0.00001111030,0.00000429153,0.00000479221,0.00001130104
0.04154291152,0.03864274024,0.01358799934,0.00000431537,0.00001468658,0.00001158714,0.00000438690,0.00001568794,0.00001161098
0.04192399978,0.03452270030,0.02886989116,0.00000431537,0.00001399517,0.00001120567,0.00000429153,0.00001480579,0.00001142024
0.02482767105,0.02083051204,0.05315985679,0.00000431537,0.00001349449,0.00001130104,0.00000429153,0.00001430511,0.00001139640
0.02469875812,0.04365034103,0.01959257125,0.00000419616,0.00000441074,0.00000448226,0.00000419616,0.00000488758,0.00000441074
0.04185800552,0.04323897361,0.02148888111,0.00000422000,0.00001451969,0.00001161098,0.00000429153,0.00001549720,0.00001170635
0.05823104381,0.04393243789,0.00295329093,0.00000431537,0.00001568794,0.00001091957,0.00000429153,0.00001671314,0.00001089572
0.04167852401,0.04083781242,0.02089979648,0.00000422000,0.00001459121,0.00001208782,0.00000429153,0.00001549720,0.00001199245
0.00542480945,0.03748872280,0.02554650306,0.00000422000,0.00001571178,0.00000860691,0.00000438690,0.00001649856,0.00000941753
0.04171922206,0.02269902229,0.00699322223,0.00000431537,0.00001559257,0.00001080036,0.00000417232,0.00001668930,0.00001087188
0.01073765754,0.02924301624,0.03526477813,0.00000431537,0.00000429153,0.00001130104,0.00000429153,0.00000431537,0.00001168251
0.02434411048,0.00633101463,0.02964646816,0.00000441074,0.00000429153,0.00001118183,0.00000429153,0.00000481605,0.00001120567
0.01544466018,0.03289959430,0.00283989906,0.00000960826,0.00001409053,0.00000431537,0.00001060962,0.00001468658,0.00000441074
0.01123707294,0.06498670578,0.00729041099,0.00000970363,0.00000422000,0.00000791549,0.00000970363,0.00000479221,0.00000841617
0.00786011219,0.02968549728,0.01198589801,0.00000770092,0.00000419616,0.00000789165,0.00000910758,0.00000469684,0.00000801086
0.00626089572,0.05438404083,0.03430805206,0.00000970363,0.00001389980,0.00001139640,0.00000979900,0.00001549720,0.00001130104
0.00603010654,0.03509960174,0.00719361305,0.00000967979,0.00001380443,0.00001080036,0.00000908374,0.00001451969,0.00001158714
0.00492289066,0.04099605083,0.00619518756,0.00000970363,0.00001571178,0.00001060962,0.00000970363,0.00001668930,0.00001060962
0.03534719944,0.02222619056,0.01480281352,0.00000789165,0.00000429153,0.00001158714,0.00000929832,0.00000491142,0.00001149177
0.03525567054,0.04075360298,0.01940379142,0.00000979900,0.00001440048,0.00000450611,0.00000901222,0.00001530647,0.00000431537
0.03187417984,0.03494050502,0.00745961666,0.00000770092,0.00001468658,0.00000438690,0.00000770092,0.00001571178,0.00000448226
0.02569291591,0.03966903686,0.00610787868,0.00000970363,0.00001370906,0.00000450611,0.00000979900,0.00001459121,0.00000438690
0.00810418128,0.04796190261,0.02517733573,0.00000798702,0.00001611709,0.00000419616,0.00001058578,0.00001688003,0.00000441074
0.00388507843,0.02129876613,0.01846351623,0.00000429153,0.00000429153,0.00001051425,0.00000839233,0.00000457763,0.00001060962
0.02625942230,0.06614201068,0.01185297966,0.00000886917,0.00001718997,0.00001051425,0.00000908374,0.00001730918,0.00001051425
0.02174425125,0.04329142570,0.01310834884,0.00000779628,0.00001471042,0.00001158714,0.00000970363,0.00001559257,0.00001170635
0.01605062484,0.03949532508,0.05295209884,0.00000970363,0.00001549720,0.00001139640,0.00000970363,0.00001640319,0.00001158714
0.02202811241,0.05868690013,0.02900781631,0.00000979900,0.00001499652,0.00000960826,0.00000970363,0.00001609325,0.00000882148
0.01558432579,0.05433919429,0.00823900699,0.00000970363,0.00001361370,0.00001099109,0.00000970363,0.00001430511,0.00001111030
0.01648361682,0.03899221420,0.02640831470,0.00000989437,0.00001330375,0.00000431537,0.00000979900,0.00001430511,0.00000438690
0.01518347263,0.02467777729,0.00578618049,0.00000979900,0.00000422000,0.00000450611,0.00000910758,0.00000560283,0.00000429153
0.01127297878,0.04366734027,0.00962605476,0.00000956058,0.00000431537,0.00000748634,0.00000979900,0.00000472068,0.00000770092
0.01495161056,0.04809768199,0.04100792407,0.00001051425,0.00001828670,0.00001070499,0.00000782012,0.00001878738,0.00001089572
0.05261890888,0.03763461112,0.03483102321,0.00000979900,0.00000429153,0.00001139640,0.00001001358,0.00000491142,0.00001158714
0.04858832359,0.04651408195,0.05862581729,0.00000979900,0.00001449584,0.00001161098,0.00000967979,0.00001549720,0.00001161098
0.04058437347,0.02092316150,0.02063982486,0.00000970363,0.00001339912,0.00000450611,0.00000970363,0.00001430511,0.00000429153
0.01872737407,0.04314165115,0.02135803699,0.00000770092,0.00001471042,0.00000560283,0.00000808238,0.00001568794,0.00000588893
0.03512384891,0.04214048385,0.02162904739,0.00000710487,0.00001389980,0.00001161098,0.00000779628,0.00001490116,0.00001161098
0.03296570777,0.04896361827,0.00899708271,0.00000770092,0.00000438690,0.00001099109,0.00000779628,0.00000500679,0.00001111030
0.01867680549,0.04772205352,0.02108080387,0.00000979900,0.00000429153,0.00001070499,0.00000851154,0.00000450611,0.00001080036
0.01135709285,0.04809033870,0.00749392509,0.00000979900,0.00001759529,0.00000429153,0.00000970363,0.00001859664,0.00000429153
0.01635751724,0.02591273784,0.01643459796,0.00001001358,0.00000407695,0.00000748634,0.00000979900,0.00000488758,0.00000758171
0.01524748802,0.03975069522,0.02493643760,0.00000970363,0.00000419616,0.00000569820,0.00000979900,0.00000460147,0.00000572204
0.03532240390,0.03887770175,0.03546683788,0.00001058578,0.00001339912,0.00001130104,0.00000979900,0.00001418590,0.00001151561
0.05147740840,0.04779675006,0.00791487693,0.00000710487,0.00000429153,0.00001049041,0.00000779628,0.00000481605,0.00001049041
0.03199803829,0.04322252273,0.00283269882,0.00000770092,0.00001449584,0.00001089572,0.00000770092,0.00001599788,0.00001099109
0.02157788276,0.05029194355,0.00262398719,0.00001060962,0.00001561641,0.00000441074,0.00000979900,0.00001688003,0.00000431537
0.01845960617,0.04431028366,0.00230150222,0.00000970363,0.00001449584,0.00001051425,0.00000967979,0.00001540184,0.00001060962
0.00910019874,0.03897707462,0.03125233650,0.00000429153,0.00001358985,0.00001108646,0.00000560283,0.00001468658,0.00001130104
0.01112320423,0.03507368564,0.00518867969,0.00000970363,0.00001358985,0.00000450611,0.00000908374,0.00001468658,0.00000429153
0.00583610534,0.00707106590,0.00567939281,0.00000779628,0.00000431537,0.00000438690,0.00001111030,0.00000469684,0.00000419616
0.03116633892,0.05186479091,0.03027632236,0.00000629425,0.00000422000,0.00000858306,0.00000650882,0.00001721382,0.00000860691
0.03514533042,0.01747841835,0.01558883190,0.00000579357,0.00000431537,0.00001189708,0.00000441074,0.00000600814,0.00001199245
0.04038848876,0.06132242679,0.00698120594,0.00000579357,0.00000422000,0.00000431537,0.00000610351,0.00000479221,0.00000438690
0.05272133350,0.04268794059,0.00684990882,0.00000579357,0.00001659393,0.00000431537,0.00000431537,0.00001749992,0.00000419616
0.04205551147,0.02934622764,0.02188429832,0.00000588893,0.00000448226,0.00000691413,0.00000610351,0.00000438690,0.00000691413
0.04939377307,0.04567768573,0.01900510787,0.00000600814,0.00001690387,0.00001158714,0.00000610351,0.00001790523,0.00001180171
0.02528049945,0.05721549987,0.01267778873,0.00000560283,0.00000438690,0.00001130104,0.00000591278,0.00000479221,0.00001139640
0.01666128635,0.04184720516,0.00228478908,0.00000588893,0.00001389980,0.00001049041,0.00000610351,0.00001480579,0.00001051425
0.04015104770,0.04735672473,0.02532858848,0.00000588893,0.00001800060,0.00000729560,0.00000741481,0.00001859664,0.00000758171
0.00703439712,0.03150873184,0.00784773826,0.00000579357,0.00001759529,0.00000431537,0.00000610351,0.00001869201,0.00000441074
0.05232722759,0.04864208698,0.01748011112,0.00000569820,0.00000431537,0.00000820159,0.00000429153,0.00000481605,0.00000817775
0.06534550189,0.05325627326,0.01596648693,0.00000588893,0.00001401901,0.00000729560,0.00000610351,0.00001499652,0.00000751018
0.00705099105,0.00177381038,0.01896152496,0.00000579357,0.00000429153,0.00001170635,0.00000600814,0.00000479221,0.00001168251
0.02491595745,0.00262510776,0.01267585754,0.00000579357,0.00001640319,0.00001089572,0.00000579357,0.00001790523,0.00001111030
0.03513600826,0.00534362792,0.00222580432,0.00000591278,0.00001401901,0.00000450611,0.00000450611,0.00001490116,0.00000429153
0.04989793300,0.00273449420,0.00576217174,0.00000569820,0.00001368522,0.00000441074,0.00000607967,0.00001471042,0.00000431537
0.01708831787,0.00154800415,0.01560132503,0.00000491142,0.00001738071,0.00000441074,0.00000700950,0.00001940727,0.00000519752
0.01660196781,0.00333390235,0.01549112796,0.00000429153,0.00001561641,0.00000398159,0.00000431537,0.00001671314,0.00000469684
0.01666669845,0.04693968296,0.01420629024,0.00000429153,0.00001749992,0.00000429153,0.00000481605,0.00001819133,0.00000629425
0.01656818389,0.02940573692,0.01475253105,0.00000431537,0.00000438690,0.00000422000,0.00000431537,0.00000431537,0.00000469684
0.01657421588,0.03151674270,0.01267766952,0.00000429153,0.00001759529,0.00000429153,0.00000419616,0.00001852512,0.00000600814
0.00288472175,0.05858516693,0.03526229858,0.00000431537,0.00001499652,0.00000429153,0.00000422000,0.00001590251,0.00000469684
0.00277860164,0.03901982307,0.03582327365,0.00000422000,0.00001370906,0.00000429153,0.00000429153,0.00001499652,0.00000469684
0.00278000831,0.04300646781,0.01229307651,0.00000422000,0.00000441074,0.00000429153,0.00000438690,0.00000488758,0.00000469684
0.00278100967,0.04727499485,0.01522331237,0.00000431537,0.00001738071,0.00000422000,0.00000429153,0.00001821517,0.00000469684
0.00283341407,0.02898910045,0.01606132984,0.00000431537,0.00000431537,0.00000429153,0.00000429153,0.00000498294,0.00000610351
0.00413229465,0.02454617023,0.01207079887,0.00000450611,0.00000422000,0.00000429153,0.00000460147,0.00000479221,0.00000472068
0.00931265354,0.01120960712,0.01380131244,0.00000431537,0.00001521110,0.00000429153,0.00000431537,0.00001640319,0.00000619888
0.04572558403,0.00743062496,0.01246528625,0.00000431537,0.00000429153,0.00000429153,0.00000431537,0.00000491142,0.00000460147
0.04188828468,0.00846397876,0.04096472263,0.00000429153,0.00001449584,0.00000419616,0.00000431537,0.00001530647,0.00000610351
0.03662638664,0.04875936508,0.03864679336,0.00000422000,0.00000431537,0.00000429153,0.00000429153,0.00000491142,0.00000600814
0.04598355293,0.04731030464,0.03432340621,0.00000431537,0.00001709461,0.00000407695,0.00000431537,0.00001811981,0.00000579357
0.02983255386,0.07805254459,0.05949578285,0.00000450611,0.00001599788,0.00000429153,0.00000519752,0.00001709461,0.00000469684
0.02972352504,0.06599249839,0.05695235729,0.00000419616,0.00000429153,0.00000419616,0.00000472068,0.00000469684,0.00000619888
0.03071575164,0.06506249904,0.04752998352,0.00000460147,0.00000419616,0.00000429153,0.00000460147,0.00000469684,0.00000472068
0.06090540885,0.05050013065,0.03642234802,0.00000429153,0.00000429153,0.00000419616,0.00000460147,0.00000429153,0.00000469684
0.04612600803,0.05209622383,0.01416268348,0.00000422000,0.00000429153,0.00000429153,0.00000488758,0.00000479221,0.00000460147
0.04606750011,0.04745571613,0.01548426151,0.00000431537,0.00001668930,0.00000419616,0.00000448226,0.00001778602,0.00000469684
0.02993161678,0.04468731880,0.01506652832,0.00000422000,0.00000431537,0.00000429153,0.00000450611,0.00000479221,0.00000460147
0.02973282337,0.04716861248,0.01444206237,0.00000419616,0.00001580715,0.00000429153,0.00000460147,0.00001668930,0.00000448226
0.04591922760,0.02130734920,0.01360225677,0.00000441074,0.00000429153,0.00000398159,0.00000460147,0.00000491142,0.00000610351
0.04046773910,0.04018650054,0.01258847713,0.00000491142,0.00001699924,0.00000431537,0.00000929832,0.00001690387,0.00000591278
0.05543320178,0.02753541469,0.01146740913,0.00000419616,0.00001451969,0.00000431537,0.00000658035,0.00001509189,0.00000469684
0.04452958106,0.04080166816,0.01484861373,0.00000417232,0.00001451969,0.00000422000,0.00000748634,0.00001530647,0.00000581741
0.05060462951,0.02462751865,0.01564381122,0.00000429153,0.00000441074,0.00000422000,0.00000720024,0.00000479221,0.00000469684
0.06397330760,0.04762969017,0.01190166473,0.00000429153,0.00001769065,0.00000422000,0.00000729560,0.00001869201,0.00000469684
0.05468676090,0.04324970245,0.01247630119,0.00000417232,0.00001490116,0.00000431537,0.00000700950,0.00001571178,0.00000462532
0.06510968208,0.05196728706,0.01148662567,0.00000438690,0.00001540184,0.00000419616,0.00000700950,0.00001618862,0.00000460147
0.05651710033,0.03716046810,0.04076635837,0.00000429153,0.00001540184,0.00000441074,0.00000820159,0.00001649856,0.00000491142
0.05063817501,0.04090313911,0.03435332775,0.00000429153,0.00001549720,0.00000431537,0.00000710487,0.00001640319,0.00000462532
0.04456188678,0.02244596481,0.03579156398,0.00000438690,0.00000510215,0.00000429153,0.00000729560,0.00000488758,0.00000460147
0.05048944950,0.04232711791,0.03580300807,0.00000419616,0.00000429153,0.00000429153,0.00000710487,0.00000479221,0.00000469684
0.04967298507,0.04136788845,0.03639259338,0.00000429153,0.00001559257,0.00000419616,0.00000710487,0.00001640319,0.00000469684
0.06411387920,0.02239000797,0.03445014953,0.00000429153,0.00001499652,0.00000429153,0.00000810623,0.00001609325,0.00000469684
0.05390849113,0.05185487270,0.01641478538,0.00000419616,0.00001590251,0.00000429153,0.00000801086,0.00001740455,0.00000588893
0.04064152240,0.04124367237,0.01536941528,0.00000429153,0.00001559257,0.00000419616,0.00000765323,0.00001649856,0.00000479221
0.04408159255,0.04137477874,0.01130137443,0.00000429153,0.00001540184,0.00000429153,0.00000669956,0.00001649856,0.00000579357
0.06466653347,0.02590241432,0.01107890605,0.00000510215,0.00000429153,0.00000429153,0.00000658035,0.00000529289,0.00000457763
0.02303824424,0.04842746257,0.01156711578,0.00000472068,0.00001649856,0.00000419616,0.00000500679,0.00001730918,0.00000600814
0.00830140113,0.04325923919,0.03521795272,0.00000431537,0.00001468658,0.00000407695,0.00000469684,0.00001549720,0.00000460147
0.02233927249,0.05030992031,0.04117507934,0.00000419616,0.00001561641,0.00000429153,0.00000469684,0.00001699924,0.00000469684
0.00018830299,0.04210467338,0.03922822475,0.00000431537,0.00000429153,0.00000412464,0.00000469684,0.00000491142,0.00000460147
0.02264328002,0.04433517456,0.03582029342,0.00000431537,0.00000450611,0.00000431537,0.00000479221,0.00000469684,0.00000469684
0.02262723445,0.02515332698,0.03527524471,0.00000422000,0.00001771450,0.00000422000,0.00000500679,0.00001859664,0.00000469684
0.02266554832,0.02106950283,0.03438353538,0.00000431537,0.00000429153,0.00000422000,0.00000498294,0.00000491142,0.00000460147
0.02263600826,0.02952396869,0.03898637294,0.00000431537,0.00000417232,0.00000422000,0.00000460147,0.00000481605,0.00000469684
0.00965547561,0.03958303928,0.04002428054,0.00000431537,0.00001640319,0.00000431537,0.00000469684,0.00001640319,0.00000462532
0.00019359588,0.03973319530,0.03562841415,0.00000422000,0.00000429153,0.00000429153,0.00000469684,0.00000469684,0.00000469684
0.00154819488,0.03761649131,0.03521902561,0.00000829696,0.00000419616,0.00000429153,0.00000522136,0.00000479221,0.00000460147
0.00481507778,0.04767525196,0.03581047058,0.00000779628,0.00000429153,0.00000429153,0.00000457763,0.00000460147,0.00000479221
0.00405800342,0.04599645137,0.03637301921,0.00000979900,0.00001759529,0.00000419616,0.00000469684,0.00001859664,0.00000469684
0.00457122325,0.04717521667,0.03991949558,0.00000991821,0.00001609325,0.00000500679,0.00000469684,0.00001699924,0.00000479221
0.01197762489,0.03761131763,0.05963692665,0.00000970363,0.00000441074,0.00000412464,0.00000460147,0.00000548362,0.00000557899
0.00414309501,0.03900573253,0.03461978435,0.00000979900,0.00001511573,0.00000431537,0.00000469684,0.00001468658,0.00000472068
0.00364632606,0.04724519252,0.03617966175,0.00000908374,0.00001740455,0.00000431537,0.00000469684,0.00001831054,0.00000610351
0.00403409004,0.05036902427,0.03482558727,0.00000860691,0.00001559257,0.00000429153,0.00000460147,0.00001640319,0.00000588893
0.00462849140,0.04174442291,0.00555150508,0.00000910758,0.00001640319,0.00000510215,0.00000457763,0.00001749992,0.00000488758
0.01180758476,0.03638532161,0.01632492542,0.00000979900,0.00001389980,0.00000438690,0.00000460147,0.00001499652,0.00000448226
0.00412831306,0.05866522789,0.00465531349,0.00000979900,0.00001499652,0.00000429153,0.00000460147,0.00001580715,0.00000460147
0.01514322757,0.05451369285,0.00921878814,0.00000779628,0.00001399517,0.00000429153,0.00000469684,0.00001490116,0.00000510215
0.01514246463,0.03894748687,0.00900962352,0.00000970363,0.00001339912,0.00000429153,0.00000460147,0.00001430511,0.00000500679
0.02798671722,0.06546323299,0.00380909442,0.00000469684,0.00001599788,0.00000429153,0.00000500679,0.00001761913,0.00000460147
0.07225911617,0.02597215175,0.00836949348,0.00000431537,0.00000438690,0.00000429153,0.00000481605,0.00000488758,0.00000460147
0.06106491088,0.04195775985,0.00731768608,0.00000429153,0.00000429153,0.00000429153,0.00000460147,0.00000469684,0.00000469684
0.06295800209,0.04598610401,0.01734168529,0.00000431537,0.00001790523,0.00000429153,0.00000469684,0.00002000331,0.00000488758
0.06107802391,0.04380328655,0.02087743282,0.00000431537,0.00000429153,0.00000429153,0.00000460147,0.00000472068,0.00000469684
0.05778710842,0.05092198848,0.02174618244,0.00000460147,0.00001568794,0.00000488758,0.00000457763,0.00001690387,0.00000488758
0.01086087226,0.06354897022,0.01328389644,0.00000429153,0.00000429153,0.00000429153,0.00000469684,0.00000491142,0.00000469684
0.01026818752,0.03535590171,0.02785320281,0.00000429153,0.00001459121,0.00000429153,0.00000481605,0.00001540184,0.00000460147
0.01033604145,0.03745045661,0.01133658885,0.00000429153,0.00001559257,0.00000429153,0.00000460147,0.00001640319,0.00000472068
0.01030182838,0.03506698608,0.02922577857,0.00000419616,0.00001378059,0.00000460147,0.00000457763,0.00001468658,0.00000450611
0.00652761459,0.04721779823,0.02752137184,0.00000598430,0.00001740455,0.00000429153,0.00000569820,0.00001828670,0.00000460147
0.01500482559,0.06559240818,0.02890961170,0.00000519752,0.00001571178,0.00000438690,0.00000469684,0.00001661777,0.00000450611
0.01007399559,0.06170544624,0.01674828529,0.00000529289,0.00000469684,0.00000429153,0.00000469684,0.00000488758,0.00000460147
0.02001395225,0.04172227382,0.02653601169,0.00000519752,0.00001649856,0.00000419616,0.00000472068,0.00001749992,0.00000450611
0.01015911102,0.05912661552,0.01189279556,0.00000510215,0.00001552104,0.00000419616,0.00000460147,0.00001668930,0.00000469684
0.00627272129,0.00820031166,0.02175488471,0.00000519752,0.00001490116,0.00000429153,0.00000469684,0.00001571178,0.00000460147
0.01466059684,0.03291099071,0.01606266498,0.00000510215,0.00000431537,0.00000429153,0.00000460147,0.00000438690,0.00000460147
0.00633707046,0.03484492301,0.03361940383,0.00000510215,0.00001611709,0.00000448226,0.00000450611,0.00001730918,0.00000460147
0.00640480518,0.00744869709,0.00209491252,0.00000541210,0.00001449584,0.00000429153,0.00000491142,0.00001552104,0.00000550746
0.01867063045,0.01721515655,0.00566558837,0.00000548362,0.00001668930,0.00000429153,0.00000491142,0.00001759529,0.00000481605
0.03224651813,0.04543004035,0.01310489177,0.00000519752,0.00001449584,0.00000460147,0.00000469684,0.00001478195,0.00000469684
0.03218989372,0.03409461975,0.02296869754,0.00000510215,0.00001478195,0.00000429153,0.00000491142,0.00001571178,0.00000469684
0.03375561237,0.03303191661,0.01402630805,0.00000510215,0.00000481605,0.00000460147,0.00000460147,0.00000550746,0.00000457763
0.03328371047,0.01854538917,0.03354499340,0.00000519752,0.00000438690,0.00000431537,0.00000469684,0.00000491142,0.00000460147
0.03677406311,0.00235559940,0.04595408439,0.00000510215,0.00001389980,0.00000429153,0.00000469684,0.00001480579,0.00000460147
0.03790361881,0.02956452369,0.02755379676,0.00000510215,0.00001549720,0.00000431537,0.00000469684,0.00001668930,0.00000460147
0.05097336769,0.00582008361,0.00751969814,0.00000500679,0.00001490116,0.00000460147,0.00000460147,0.00001659393,0.00000550746
0.03722128868,0.00231289863,0.01631722450,0.00000431537,0.00000441074,0.00000429153,0.00000519752,0.00000429153,0.00000460147
0.04203877449,0.00278620719,0.01669292449,0.00000522136,0.00000441074,0.00000429153,0.00000462532,0.00000469684,0.00000460147
0.00668380260,0.00243577957,0.01639657020,0.00000531673,0.00000450611,0.00000450611,0.00000500679,0.00000488758,0.00000460147
0.03309488296,0.00238277912,0.01613419055,0.00000510215,0.00001430511,0.00000431537,0.00000469684,0.00001509189,0.00000460147
0.02568242549,0.00237469673,0.01384103298,0.00000519752,0.00001549720,0.00000431537,0.00000457763,0.00001659393,0.00000469684
0.04178786277,0.00361008644,0.00388269424,0.00000510215,0.00000660419,0.00000431537,0.00000469684,0.00001039505,0.00000479221
0.01925375461,0.01573522090,0.01328780651,0.00000529289,0.00000691413,0.00000431537,0.00000488758,0.00000748634,0.00000460147
0.02580242156,0.00338931083,0.01264858245,0.00000469684,0.00000588893,0.00000431537,0.00000529289,0.00000650882,0.00000448226
0.02573952674,0.00301408767,0.02927489280,0.00000429153,0.00000588893,0.00000431537,0.00000462532,0.00000641345,0.00000460147
0.04046530723,0.00158109664,0.01086738109,0.00000429153,0.00001299381,0.00000481605,0.00000460147,0.00000598430,0.00000479221
0.02781503200,0.00113720893,0.02411251068,0.00000419616,0.00000960826,0.00000431537,0.00000469684,0.00000560283,0.00000469684
0.04062578678,0.00466461181,0.01511702537,0.00000429153,0.00000920295,0.00000431537,0.00000450611,0.00000870227,0.00000472068
0.04061784744,0.03043930530,0.01607477664,0.00000429153,0.00000431537,0.00000431537,0.00000445842,0.00000569820,0.00000457763
0.00506939888,0.03355731964,0.01651010513,0.00000429153,0.00000460147,0.00000429153,0.00000460147,0.00000531673,0.00000469684
0.00239369869,0.03239016532,0.01534242630,0.00000419616,0.00000441074,0.00000429153,0.00000469684,0.00000560283,0.00000469684
0.00292098522,0.04720931053,0.01097180843,0.00000519752,0.00000438690,0.00000429153,0.00000658035,0.00000550746,0.00000472068
0.00640549659,0.01421272754,0.02382502555,0.00000438690,0.00001058578,0.00000429153,0.00000529289,0.00000569820,0.00000472068
0.01500401496,0.01039268970,0.02583398818,0.00000429153,0.00000441074,0.00000429153,0.00000531673,0.00000541210,0.00000469684
0.01492681503,0.04945168495,0.01279723644,0.00000429153,0.00000429153,0.00000429153,0.00000541210,0.00000550746,0.00000450611
0.01494319438,0.05257103443,0.02319159507,0.00000438690,0.00000450611,0.00000419616,0.00000538825,0.00000579357,0.00000457763
0.01492187976,0.03751783370,0.02541158199,0.00000431537,0.00000629425,0.00000419616,0.00000538825,0.00000548362,0.00000460147
0.03012459278,0.00501210689,0.01289775371,0.00000419616,0.00000419616,0.00000431537,0.00000529289,0.00000541210,0.00000460147
0.01543500423,0.00740950107,0.02323081493,0.00000419616,0.00000548362,0.00000419616,0.00000550746,0.00000510215,0.00000460147
0.01537525653,0.01258282661,0.02256507873,0.00000429153,0.00000538825,0.00000431537,0.00000560283,0.00000500679,0.00000460147
0.01544060707,0.00692248344,0.01245510578,0.00000419616,0.00000429153,0.00000429153,0.00000541210,0.00000569820,0.00000457763
0.00641658306,0.01895983219,0.03820369243,0.00000429153,0.00000560283,0.00000472068,0.00000538825,0.00000529289,0.00000460147
0.01475422382,0.05259768962,0.03657796382,0.00000441074,0.00000429153,0.00000429153,0.00000538825,0.00000510215,0.00000450611
0.01491861343,0.00599188804,0.03789052963,0.00000429153,0.00000429153,0.00000429153,0.00000541210,0.00000550746,0.00000460147
0.01496250629,0.01419701576,0.02874307632,0.00000419616,0.00000541210,0.00000429153,0.00000541210,0.00000500679,0.00000460147
0.04623725414,0.02076108455,0.04380486011,0.00000441074,0.00000531673,0.00000417232,0.00000529289,0.00000500679,0.00000450611
0.05182349681,0.01467471122,0.03636186122,0.00000469684,0.00000541210,0.00000429153,0.00000460147,0.00000510215,0.00000469684
0.00218377113,0.00591270923,0.03236095905,0.00000429153,0.00000429153,0.00000429153,0.00000450611,0.00000541210,0.00000460147
0.04349896907,0.03996021747,0.06692810058,0.00000419616,0.00000419616,0.00000431537,0.00000469684,0.00000550746,0.00000460147
0.04459993839,0.00654089450,0.05045521259,0.00000429153,0.00000419616,0.00000429153,0.00000469684,0.00000538825,0.00000460147
0.00218639373,0.00550680160,0.03654792308,0.00000431537,0.00000538825,0.00000431537,0.00000457763,0.00000481605,0.00000638961
0.04118070602,0.00140900611,0.03856222629,0.00000431537,0.00000469684,0.00000429153,0.00000450611,0.00000481605,0.00000460147
0.03080358505,0.00206801891,0.04582374095,0.00000431537,0.00000419616,0.00000422000,0.00000488758,0.00000469684,0.00000460147
0.02963664531,0.00129981040,0.03319242000,0.00000431537,0.00000429153,0.00000429153,0.00000460147,0.00000460147,0.00000460147
0.03717141151,0.00635089874,0.03786067962,0.00000431537,0.00000417232,0.00000429153,0.00000610351,0.00000460147,0.00000460147
0.03397421836,0.00346240997,0.03281750679,0.00000481605,0.00000410079,0.00000510215,0.00001130104,0.00000460147,0.00000469684
0.04042510986,0.00107929706,0.04597389698,0.00000422000,0.00000429153,0.00000429153,0.00001199245,0.00000460147,0.00000460147
0.03748843669,0.00617818832,0.03886449337,0.00000422000,0.00000429153,0.00000419616,0.00001270771,0.00000460147,0.00000541210
0.04981682300,0.00472891330,0.03595628738,0.00000431537,0.00000429153,0.00000429153,0.00000879764,0.00000469684,0.00000460147
0.04590265750,0.00384979248,0.01661832332,0.00000422000,0.00000429153,0.00000429153,0.00001108646,0.00000460147,0.00000479221
0.03751564025,0.00568346977,0.01664683818,0.00000429153,0.00000429153,0.00000429153,0.00001199245,0.00000541210,0.00000479221
0.04982359409,0.00376298427,0.01336758136,0.00000431537,0.00000429153,0.00000429153,0.00000851154,0.00000460147,0.00000469684
0.05466163158,0.00357081890,0.01164860725,0.00000429153,0.00000429153,0.00000419616,0.00001089572,0.00000460147,0.00000469684
0.04343078136,0.00395061969,0.03655562400,0.00000579357,0.00000429153,0.00000429153,0.00000469684,0.00000460147,0.00000457763
0.03627290725,0.00501000881,0.04307892322,0.00000431537,0.00000519752,0.00000419616,0.00000450611,0.00000541210,0.00000441074
0.05652122497,0.00326108932,0.03323962688,0.00000429153,0.00000460147,0.00000429153,0.00000450611,0.00000469684,0.00000460147
0.03659131526,0.00552039146,0.02731382846,0.00000479221,0.00000429153,0.00000529289,0.00000460147,0.00000469684,0.00000481605
0.06883869171,0.01550266742,0.02907810211,0.00000431537,0.00000519752,0.00000429153,0.00000460147,0.00000529289,0.00000472068
0.00722560882,0.00878708362,0.02248687744,0.00000650882,0.00000429153,0.00000429153,0.00000588893,0.00000460147,0.00000460147
0.00631470680,0.00110542774,0.02129130363,0.00000598430,0.00000429153,0.00000407695,0.00000560283,0.00000460147,0.00000460147
0.00679841041,0.02030267715,0.01160998344,0.00000569820,0.00000429153,0.00000429153,0.00000541210,0.00000469684,0.00000469684
0.01144402027,0.01113858222,0.01291463375,0.00000550746,0.00000429153,0.00000429153,0.00000491142,0.00000460147,0.00000460147
0.04190757274,0.01625151634,0.03320560455,0.00000569820,0.00000488758,0.00000429153,0.00000531673,0.00000491142,0.00000460147
0.01718938350,0.02040779590,0.01535341739,0.00000579357,0.00000431537,0.00000429153,0.00000541210,0.00000457763,0.00000469684
0.01399390697,0.00730221271,0.02714180946,0.00001049041,0.00000419616,0.00000429153,0.00000648498,0.00000448226,0.00000460147
0.02815577983,0.01174037456,0.02239110469,0.00000782012,0.00000422000,0.00000429153,0.00000579357,0.00000460147,0.00000472068
0.02791719436,0.00574250221,0.04272861480,0.00000801086,0.00000431537,0.00000419616,0.00000569820,0.00000569820,0.00000460147
0.02911820411,0.01181044578,0.05047028064,0.00000829696,0.00000431537,0.00000438690,0.00000579357,0.00000569820,0.00000460147
0.02836256027,0.01160495281,0.03200831413,0.00000770092,0.00000431537,0.00000429153,0.00000569820,0.00000469684,0.00000460147
0.02899751663,0.00132699012,0.03879334926,0.00000839233,0.00000431537,0.00000407695,0.00000579357,0.00000507831,0.00000460147
0.02613584995,0.00864894390,0.01393961906,0.00000789165,0.00000431537,0.00000429153,0.00000600814,0.00000457763,0.00000450611
0.01988070011,0.00568230152,0.02672612667,0.00000801086,0.00000441074,0.00000419616,0.00000479221,0.00000469684,0.00000460147
0.04329712390,0.00910613536,0.01666507720,0.00000441074,0.00000431537,0.00000429153,0.00000479221,0.00000469684,0.00000441074
0.05630049705,0.01160292625,0.01083419322,0.00000460147,0.00000429153,0.00000429153,0.00000460147,0.00000460147,0.00000460147
0.05996940135,0.01519420146,0.02401347160,0.00000431537,0.00000419616,0.00000429153,0.00000450611,0.00000448226,0.00000460147
0.04342453479,0.00712580680,0.02131173610,0.00000429153,0.00000429153,0.00000469684,0.00000472068,0.00000450611,0.00000460147
0.05075862407,0.01568601131,0.01391966342,0.00000429153,0.00000457763,0.00000448226,0.00000460147,0.00000619888,0.00000550746
0.07098064422,0.01160631179,0.00943419933,0.00000429153,0.00000429153,0.00000419616,0.00000469684,0.00000450611,0.00000469684
0.06013181209,0.03872816562,0.00888509750,0.00000429153,0.00000419616,0.00000429153,0.00000469684,0.00000450611,0.00000469684
0.07099337577,0.03984000682,0.00750482082,0.00000429153,0.00000429153,0.00000419616,0.00000460147,0.00000450611,0.00000641345
0.04323329925,0.02976725101,0.00998668670,0.00000500679,0.00000429153,0.00000429153,0.00000491142,0.00000460147,0.00000460147
0.05486810207,0.01212532520,0.02122802734,0.00000410079,0.00000450611,0.00000429153,0.00000469684,0.00000500679,0.00000472068
0.04550309181,0.00655841827,0.02631423473,0.00000431537,0.00000422000,0.00000429153,0.00000469684,0.00000460147,0.00000469684
0.06347453594,0.00271310806,0.00892200469,0.00000431537,0.00000431537,0.00000429153,0.00000450611,0.00000460147,0.00000469684
0.05260691642,0.01547067165,0.02622547149,0.00000431537,0.00000431537,0.00000429153,0.00000469684,0.00000479221,0.00000479221
0.05142283439,0.00289261341,0.02973527908,0.00000422000,0.00000431537,0.00000429153,0.00000472068,0.00000469684,0.00000519752
0.05255801677,0.00879368782,0.02018780708,0.00000429153,0.00000431537,0.00000429153,0.00000469684,0.00000469684,0.00000438690
0.05513052940,0.00242760181,0.02516655921,0.00000419616,0.00000431537,0.00000429153,0.00000469684,0.00000457763,0.00000472068
0.01345922946,0.00687642097,0.02821362018,0.00000429153,0.00000431537,0.00000429153,0.00000469684,0.00000488758,0.00000460147
0.05220060348,0.01786601543,0.02637829780,0.00000429153,0.00000431537,0.00000419616,0.00000472068,0.00000460147,0.00000457763
0.05182189941,0.00813970565,0.03688654899,0.00000429153,0.00000441074,0.00000429153,0.00000469684,0.00000460147,0.00000479221
0.01340529918,0.00237638950,0.01630649566,0.00000429153,0.00000431537,0.00000429153,0.00000460147,0.00000460147,0.00000469684
0.04287083148,0.00868406295,0.03547875881,0.00000410079,0.00000419616,0.00000429153,0.00000450611,0.00000460147,0.00000472068
0.02819428443,0.00228481292,0.01480147838,0.00000429153,0.00000429153,0.00000429153,0.00000469684,0.00000460147,0.00000469684
0.02802817821,0.01253490447,0.01483983993,0.00000429153,0.00000429153,0.00000419616,0.00000460147,0.00000469684,0.00000469684
0.05799927711,0.00278398990,0.01520466804,0.00000429153,0.00000429153,0.00000429153,0.00000460147,0.00000469684,0.00000469684
0.05822536945,0.00261776447,0.01446888446,0.00000429153,0.00000429153,0.00000429153,0.00000469684,0.00000469684,0.00000469684
0.00650169849,0.00268509387,0.02599329948,0.00000469684,0.00000429153,0.00000429153,0.00000500679,0.00000460147,0.00000469684
0.00367681980,0.00857088565,0.01178672313,0.00000429153,0.00000429153,0.00000407695,0.00000450611,0.00000450611,0.00000460147
0.00559258460,0.00240340232,0.01979193687,0.00000417232,0.00000429153,0.00000410079,0.00000491142,0.00000460147,0.00000462532
0.00643482208,0.01160540580,0.02931051254,0.00000419616,0.00000438690,0.00000429153,0.00000469684,0.00000498294,0.00000479221
0.01935350894,0.01073012351,0.02892794609,0.00000419616,0.00000429153,0.00000419616,0.00000469684,0.00000460147,0.00000460147
0.01123530864,0.00703070163,0.02986810207,0.00000429153,0.00000429153,0.00000431537,0.00000469684,0.00000460147,0.00000460147
0.00642130374,0.01472671031,0.00959160327,0.00000419616,0.00000438690,0.00000422000,0.00000469684,0.00000541210,0.00000460147
0.00368499755,0.00895807743,0.02622759342,0.00000419616,0.00000600814,0.00000412464,0.00000460147,0.00000500679,0.00000469684
0.00637006759,0.01290569305,0.02325310707,0.00000431537,0.00000541210,0.00000431537,0.00000457763,0.00000498294,0.00000469684
0.00621633529,0.00660090446,0.02971498966,0.00000419616,0.00000538825,0.00000431537,0.00000469684,0.00000491142,0.00000469684
0.00628130435,0.01802599430,0.01511011123,0.00000419616,0.00000529289,0.00000431537,0.00000460147,0.00000500679,0.00000469684
0.00497310161,0.04169270992,0.01004958152,0.00000422000,0.00000541210,0.00000429153,0.00000469684,0.00000498294,0.00000479221
0.00625996589,0.03836760520,0.02392680644,0.00000431537,0.00000429153,0.00000431537,0.00000460147,0.00000481605,0.00000469684
0.00366780757,0.01814317703,0.01615278720,0.00000431537,0.00000531673,0.00000429153,0.00000450611,0.00000491142,0.00000460147
0.01912879943,0.01269202232,0.02267704010,0.00000519752,0.00000519752,0.00000407695,0.00000460147,0.00000498294,0.00000469684
0.00834701061,0.00891580581,0.01955711841,0.00000429153,0.00000531673,0.00000438690,0.00000460147,0.00000491142,0.00000472068
0.02848694324,0.01041569709,0.04876670837,0.00000429153,0.00000531673,0.00000429153,0.00000469684,0.00000491142,0.00000469684
0.03440773487,0.00687520503,0.01612589359,0.00000419616,0.00000531673,0.00000429153,0.00000460147,0.00000498294,0.00000469684
0.00799219608,0.02097787857,0.04342260360,0.00000429153,0.00000531673,0.00000419616,0.00000488758,0.00000491142,0.00000469684
0.01535058021,0.01305830478,0.04138331413,0.00000429153,0.00000538825,0.00000429153,0.00000469684,0.00000500679,0.00000469684
0.00829167366,0.00696787834,0.01972808837,0.00000429153,0.00000538825,0.00000429153,0.00000460147,0.00000488758,0.00000479221
0.01578962802,0.02065901756,0.02761621475,0.00000429153,0.00000519752,0.00000429153,0.00000460147,0.00000488758,0.00000479221
0.01285247802,0.00742828845,0.02614219188,0.00000429153,0.00000529289,0.00000429153,0.00000460147,0.00000491142,0.00000452995
0.01589961051,0.05089004039,0.01793494224,0.00000429153,0.00000538825,0.00000429153,0.00000460147,0.00000500679,0.00000469684
0.01111547946,0.04193723201,0.00721070766,0.00000429153,0.00000519752,0.00000429153,0.00000450611,0.00000486373,0.00000469684
0.01518368721,0.02954735755,0.02454481124,0.00000412464,0.00000429153,0.00000429153,0.00000460147,0.00000491142,0.00000460147
0.00828149318,0.03579609394,0.01612789630,0.00000419616,0.00000538825,0.00000429153,0.00000469684,0.00000500679,0.00000479221
0.00638020038,0.00954201221,0.02633011341,0.00000431537,0.00000519752,0.00000429153,0.00000469684,0.00000488758,0.00000469684
0.01275241374,0.00212137699,0.02190752029,0.00000531673,0.00000529289,0.00000429153,0.00000460147,0.00000498294,0.00000469684
0.00791821479,0.03301930427,0.02553877830,0.00000429153,0.00000431537,0.00000729560,0.00000450611,0.00000510215,0.00000660419
0.01925823688,0.02642319202,0.03510384559,0.00000429153,0.00000560283,0.00000410079,0.00000460147,0.00000491142,0.00000548362
0.01750090122,0.04012780189,0.05316369533,0.00000429153,0.00000529289,0.00000422000,0.00000460147,0.00000476837,0.00000510215
0.00833079814,0.02833077907,0.03556239604,0.00000429153,0.00000529289,0.00000429153,0.00000460147,0.00000491142,0.00000479221
0.09011578559,0.01230299472,0.03781813383,0.08655911684,0.00000500679,0.03261971473,0.08322101831,0.00000622868,0.00000485777
0.09029939770,0.00980153679,0.02840277552,0.08635640144,0.00000500679,0.02118611335,0.08279335498,0.00000596046,0.00000461935
0.08940187096,0.00914326310,0.02986273169,0.08579286932,0.00000500679,0.00000512599,0.08226674795,0.00000602006,0.00000461935
0.08549046516,0.00399047136,0.02691832184,0.08223631978,0.00002539157,0.01941862702,0.07864096760,0.00000596046,0.00000450015
0.09089067578,0.00368449091,0.02645179629,0.08695799112,0.00008910894,0.00000497698,0.08337026834,0.00006875395,0.00000461935
0.08955913782,0.00416788458,0.10306623578,0.00069123506,0.00000497698,0.00000771880,0.08272561430,0.00000596046,0.00000837445
0.09218999743,0.00326749682,0.10275217890,0.08706125617,0.00001999735,0.09300085902,0.08351480960,0.00002148747,0.00000837445
0.09180867671,0.00353422760,0.10316500067,0.00068870186,0.00001385807,0.09699499607,0.08280688524,0.00001400709,0.00000819563
0.09086444973,0.09456312656,0.10230723023,0.08687931299,0.00000500679,0.00000798702,0.08331176638,0.08795845508,0.00000822544
0.09045791625,0.00344362854,0.10143324732,0.08665826916,0.00000500679,0.09181785583,0.08352681994,0.00000607967,0.00000825524
0.08957332372,0.00281402468,0.10615456104,0.00068968534,0.00002485513,0.07617652416,0.08270424604,0.00000610947,0.10115832090
0.09160599112,0.01547551155,0.10511779785,0.08702039718,0.00009074807,0.07547286152,0.08346232771,0.00000599026,0.09677499532
0.08957767486,0.00368675589,0.10501998662,0.00068762898,0.00009047985,0.07551375031,0.08268067240,0.00006961822,0.10016307234
0.09154677391,0.00417080521,0.02610060572,0.08743312954,0.00000497698,0.02033540606,0.06378635764,0.00000599026,0.01576235890
0.09159550070,0.00278761982,0.10371625423,0.08738538622,0.00000497698,0.07369863986,0.06380695104,0.00000610947,0.07432565093
0.08997482061,0.00344452261,0.10215663909,0.08587479591,0.00000497698,0.07316681742,0.08249938488,0.00000610947,0.09360674023
0.09037813544,0.00353586673,0.10271996259,0.08682778477,0.00001451373,0.07360786199,0.08364963531,0.00001400709,0.09785062074
0.09157228469,0.01240888237,0.10239812731,0.08755978941,0.00000500679,0.07298299670,0.06387048959,0.00000610947,0.07363143563
0.09040209650,0.01015654206,0.10192367434,0.08682176470,0.00001212954,0.07214424014,0.08374318480,0.00001412630,0.09707915782
0.08959734439,0.00981384515,0.10571530461,0.00068959593,0.00021010637,0.09940937161,0.08297610282,0.00017172098,0.00072062015
0.08550763130,0.00842899084,0.10568901896,0.08231499791,0.00009772181,0.09946700930,0.07870519161,0.00001487135,0.00072050094
0.09158951044,0.00325426459,0.10529521107,0.08745926618,0.00002038478,0.09920203685,0.06374615430,0.00002187490,0.00071987509
0.09035137295,0.00398677587,0.10506826639,0.08654639124,0.00002685189,0.09876671433,0.08320128917,0.00000602006,0.10060700774
0.09085521101,0.00343888998,0.10315024852,0.08675661683,0.00000500679,0.09711790084,0.08303695917,0.00000610947,0.00072166323
0.08553326129,0.01537439227,0.10188683867,0.08206054568,0.00000500679,0.09658503532,0.07826617360,0.00000599026,0.00072026252
0.09113237261,0.01415285468,0.10217311978,0.08656924962,0.00000476837,0.09625187516,0.08327114582,0.00000596046,0.09759229421
0.08551937341,0.01243221759,0.10616323351,0.08215144276,0.00000497698,0.00011125206,0.07823601365,0.00000572204,0.10131761431
0.09153053164,0.01215350627,0.02800324559,0.08748763799,0.00000500679,0.02321153879,0.06380942463,0.00000584125,0.00000789761
0.09159114956,0.01159152388,0.02523025870,0.08786436915,0.00000500679,0.00000920891,0.08331629633,0.00000584125,0.00000977516
0.09068056941,0.09956300258,0.02366459369,0.08718523383,0.07094186544,0.01781073212,0.08355119824,0.07150575518,0.01148614287
0.08940163254,0.09871387481,0.10319650173,0.08572715520,0.09380680322,0.09640559554,0.08218508958,0.09089761972,0.00016847252
0.08548507094,0.09888520836,0.10301399230,0.08224138617,0.09382048249,0.09605199098,0.07858014106,0.09086090326,0.00016799569
0.09029880166,0.09621587395,0.10361081361,0.08635136485,0.06736236810,0.00000900030,0.08283030986,0.06782737374,0.00000986456
0.09086033701,0.00341087579,0.10253438353,0.08670875430,0.00000500679,0.09575721621,0.08297890424,0.00000560283,0.09760314226
0.09065636992,0.01416262984,0.10574924945,0.08694574236,0.00000500679,0.09903571009,0.08318969607,0.00000596046,0.07621297240
0.09156075119,0.01571401953,0.10549190640,0.08728015422,0.00000494718,0.09898650646,0.06349611282,0.00000599026,0.07588064670
0.09024277329,0.00418308377,0.10547590255,0.08637237548,0.00000500679,0.09862926602,0.08277353644,0.00000572204,0.07629033923
0.08938944339,0.00180238485,0.10317575931,0.08556532859,0.00000497698,0.09716057777,0.08181038498,0.00000584125,0.07426923513
0.09026771783,0.01563757658,0.10249426960,0.08636087179,0.00016471743,0.09691828489,0.08287772536,0.00015038251,0.07345041632
0.09084111452,0.09902960062,0.10250708460,0.08669650554,0.07047146558,0.09624192118,0.08298343420,0.07104417681,0.07365474104
0.09152635931,0.09825363755,0.10511738061,0.00000888109,0.06972402334,0.09615051746,0.00000688433,0.07013621926,0.09753087162
0.09076592326,0.09821504354,0.04121902585,0.00001260638,0.07026222348,0.00000563263,0.06249463558,0.07049691677,0.00000563263
0.09039121866,0.09702903032,0.10544952750,0.08450904488,0.06853371858,0.00000825524,0.08418726921,0.06891661882,0.00011590123
0.08560353517,0.09452387690,0.10443598031,0.08006519079,0.06663948297,0.00010940432,0.07972338795,0.06699821352,0.00007411837
0.09113392233,0.00401222705,0.02426451444,0.06342521309,0.00010478496,0.00000536441,0.08664512634,0.00002864003,0.00000536441
0.09129512310,0.01500174403,0.10226544737,0.06318548321,0.00522851943,0.00010913610,0.08672049641,0.00080186128,0.00007399916
0.09089508652,0.01308524608,0.10262531042,0.06316989660,0.00403022766,0.00000798702,0.08662456274,0.00000950694,0.00011596083
0.09140402078,0.00982576608,0.10208958387,0.08039250969,0.00000599026,0.00000572204,0.00011602044,0.00000602006,0.00011599063
0.09019738435,0.01604539155,0.10184612870,0.07911089062,0.00000512599,0.00000810623,0.00011599063,0.00000560283,0.00007402896
0.09006848931,0.00884515047,0.10165575146,0.07864052057,0.00160774588,0.00000587105,0.00011599063,0.00013077259,0.00007411837
0.08598113059,0.00985801219,0.10606959462,0.07519462704,0.00073397159,0.09276661276,0.00011578202,0.00006473064,0.10105848312
0.09021043777,0.09990686178,0.10605725646,0.07928362488,0.09354850649,0.09292775392,0.00012263655,0.07134631276,0.10115361213
0.09104561805,0.09901693463,0.10520350933,0.08050197362,0.09264820814,0.09908041357,0.00012049078,0.06998240947,0.10063800215
0.09075990319,0.09805741906,0.10535684227,0.07967650890,0.09217745065,0.09839686751,0.00012034177,0.09257712960,0.10002100467
0.09023860096,0.00480699539,0.02759489417,0.07934463024,0.00000524520,0.02172362804,0.00012049078,0.00000572204,0.01588046550
0.08598908782,0.00481250882,0.10270276665,0.07540053129,0.00000512599,0.09698665142,0.00011897087,0.00000536441,0.09842753410
0.09143760800,0.00406497716,0.10204064846,0.08055487275,0.00000497698,0.09652584791,0.00011888146,0.00000560283,0.09754005074
0.09077230095,0.01076975464,0.10210546851,0.07992273569,0.00009986758,0.09618449211,0.00011900067,0.00010046362,0.09723272919
0.09007734060,0.00343525409,0.10549789667,0.07879635691,0.00000512599,0.09252449870,0.00011897087,0.00000548362,0.09354692697
0.09107899665,0.00978761911,0.10490038990,0.08004724979,0.00024750828,0.09614574909,0.00011873245,0.00016161799,0.09747838973
0.09078240394,0.01489838957,0.02760076522,0.07990372180,0.00000524520,0.02169290184,0.00011873245,0.00000548362,0.00018647313
0.09005135297,0.00406527519,0.02694290876,0.07875677943,0.00000497698,0.00000560283,0.00011888146,0.00000548362,0.00000572204
0.09143701195,0.01187124848,0.02491682767,0.08056110143,0.00311046838,0.01718789339,0.00012174248,0.00001323223,0.01383721828
0.09022697806,0.00345611572,0.10314524173,0.07928517460,0.00003188848,0.09429574012,0.00012120604,0.00003376603,0.09564405679
0.09144622087,0.01308226585,0.10315388441,0.08057335019,0.00409889221,0.09038051962,0.00012186169,0.00008761882,0.09160861372
0.09022518992,0.00855475664,0.10311612486,0.07928329706,0.00008660554,0.09437316656,0.00012159347,0.00006663799,0.09566387534
0.09097743034,0.00407263636,0.10234203934,0.08010998368,0.00000509619,0.09407135844,0.00012347102,0.00000560283,0.09591102600
0.09030187129,0.01601099967,0.10612294077,0.07894572615,0.00000512599,0.07621237635,0.00012362003,0.00000536441,0.07711714506
0.09100928902,0.01561561226,0.10597890615,0.08648717403,0.00000500679,0.07630401849,0.08626353740,0.00000548362,0.07697805762
0.08985349535,0.01295727491,0.10526445508,0.08583498001,0.00000509619,0.07565802335,0.08571019768,0.00000548362,0.07641062140
0.09109506011,0.00282126665,0.10302165150,0.08626160025,0.00003436207,0.07344630360,0.08664914965,0.00003537535,0.07414862513
0.08551502227,0.00482472777,0.10220524668,0.08116990327,0.00000512599,0.07288524508,0.08100610971,0.00000536441,0.09808877110
0.09030392765,0.00282558798,0.10207715630,0.08584973216,0.00003173947,0.07287216186,0.08648309111,0.00003364682,0.09781238436
0.09114825725,0.01509842276,0.10218870639,0.08654665946,0.00000512599,0.07295840978,0.08706074953,0.00000548362,0.09814146161
0.09046816825,0.01530274748,0.10222390294,0.08551385998,0.00651687383,0.07301625609,0.08593237400,0.00008934736,0.07354015111
0.08553120493,0.01602450013,0.10123237967,0.08136761188,0.00694125890,0.07201734185,0.08140897750,0.00321751832,0.09687751531
0.09115687012,0.01082175970,0.03704750537,0.08658716082,0.00271612405,0.00000536441,0.08705383539,0.00005760788,0.00000625848
0.08983638882,0.09973224997,0.10524851083,0.08524188399,0.09291675686,0.09869512915,0.08578214049,0.09417283535,0.10041373968
0.08557412028,0.09895765781,0.02846726775,0.08139911293,0.00010412931,0.00000560283,0.08142614364,0.08997750282,0.00000631809
0.09059062600,0.09935817122,0.02994114160,0.08594837784,0.09256720542,0.00000560283,0.08637687563,0.09378126263,0.00000628829
0.09113973379,0.09884047508,0.02614119648,0.08647173643,0.09193524718,0.00000500679,0.08702388405,0.09316954016,0.00000599026
0.09059274196,0.09850883483,0.10372960567,0.08588927984,0.00010401010,0.00000870227,0.08656725287,0.08962309360,0.00000962615
0.09063962101,0.00369012355,0.10295450687,0.08593347668,0.00020074844,0.09659296274,0.08629965782,0.00005176663,0.09790414571
0.08983856439,0.00128677487,0.10301759839,0.08526897430,0.00000512599,0.00000888109,0.08579221367,0.00000575184,0.00000986456
0.08550810813,0.09928634762,0.10299545526,0.08134505152,0.09395498037,0.00000864267,0.08138406276,0.00000536441,0.00000950694
0.08986091613,0.09941914677,0.10310161113,0.08525547385,0.09019261598,0.09624838829,0.08592304587,0.09517425298,0.09684336185
0.08987277746,0.09828737378,0.10463708639,0.08522912859,0.08937627077,0.00069901347,0.08577144145,0.09015369415,0.00014561414
0.08554062247,0.09614235162,0.03006640076,0.08138173818,0.08740925788,0.00000724196,0.08138006925,0.09220701456,0.00000736117
0.08982747793,0.09497079253,0.10241189599,0.08523935079,0.08694487810,0.00011324882,0.08586448431,0.09128898382,0.00010862946
0.08575153350,0.09457606077,0.10173863172,0.07527011632,0.08599185943,0.00069713592,0.07525441050,0.08643361926,0.00010821223
0.09105169773,0.09459510445,0.10140478610,0.00000849366,0.08614259958,0.00067010521,0.00001001358,0.09021037817,0.09758546948
0.09054166078,0.01519557833,0.10108852386,0.00000849366,0.00001838803,0.00066986680,0.00001025199,0.00000557303,0.09715917706
0.08596426248,0.01498731970,0.10170826315,0.00000810623,0.00001600384,0.00069677829,0.00001025199,0.00000548362,0.00014674663
0.09126096963,0.01417109370,0.03913486003,0.00000837445,0.00002014636,0.00000748038,0.00001013278,0.00000512599,0.00000774860
0.09056955575,0.01526880264,0.02533024549,0.00000834465,0.00001302361,0.00000703334,0.00001025199,0.00000560283,0.00000736117
0.09130480885,0.01303386688,0.03832536935,0.00000849366,0.00001290440,0.03476476669,0.00001049041,0.00000533461,0.03237468004
0.09050339460,0.01420047879,0.10466241836,0.00000873208,0.00001963973,0.09858232736,0.08643478155,0.00000560283,0.09999439120
0.09177941083,0.00407651066,0.10221502184,0.00000813603,0.00001198053,0.09669783711,0.00001037120,0.00000524520,0.09808608889
0.09056288003,0.01006650924,0.10142254829,0.00000834465,0.00001412630,0.09592324495,0.00001010298,0.00000536441,0.09671422839
0.09094822406,0.01092424988,0.10119727253,0.00000849366,0.00213947892,0.09568125009,0.00001013278,0.00000861287,0.09687891602
0.09056174755,0.00980690121,0.03852429986,0.00000822544,0.00001874566,0.03487700223,0.00000998377,0.00000935792,0.03266909718
0.09207087755,0.01418390870,0.03805455565,0.08727440237,0.00002026557,0.03295063972,0.08761215209,0.00000524520,0.03061938285
0.09106764197,0.00407484173,0.04034727811,0.08659109473,0.00001174211,0.00000703334,0.08661767840,0.00000548362,0.00000712275
0.09129136800,0.01605173945,0.10533398389,0.06332123279,0.00702562928,0.00000813603,0.08462080359,0.00324961543,0.00000861287
0.09020563960,0.01294186711,0.10537055134,0.08601939678,0.00001361966,0.00000810623,0.08410114049,0.00000998377,0.00000849366
0.08606439828,0.00407212972,0.10534536838,0.08146438002,0.00001201033,0.00000822544,0.08135208487,0.00000512599,0.00000834465
0.09152927994,0.01093658804,0.03080597519,0.08685848116,0.00215187668,0.00000661611,0.08716771006,0.00000873208,0.00000721216
0.09089413285,0.01524686813,0.02827697992,0.08623874187,0.00001236796,0.00000700354,0.08674800395,0.00000560283,0.00000736117
0.09079477190,0.01195460557,0.02527225017,0.08592051267,0.00001713633,0.00000685453,0.08630737662,0.00000560283,0.00000700354
0.09156262874,0.00407564640,0.02424618601,0.08682709932,0.00001198053,0.00000685453,0.08719488978,0.00000536441,0.00000724196
0.09172475337,0.00377511978,0.10180938243,0.08664241433,0.00001013278,0.00000801682,0.08674433827,0.00000533461,0.00000837445
0.09077620506,0.00377312302,0.10110625624,0.08591610193,0.00000974535,0.00000813603,0.08620810508,0.00000536441,0.00000825524
0.08606436848,0.01808255910,0.10526344180,0.08166536688,0.01033779978,0.09968051314,0.08180561661,0.00000536441,0.10149884223
0.09177225828,0.01562154293,0.10542422533,0.08662250638,0.00000575184,0.09967175126,0.08671802282,0.00000566244,0.10150849819
0.09087616205,0.01192787289,0.10509967803,0.08616289496,0.00000584125,0.09943449497,0.08662375807,0.00000560283,0.10133287310
0.09179896116,0.09817174077,0.10528203845,0.08680298924,0.09176486730,0.09891515970,0.08705562353,0.09122249484,0.10079064965
0.09177425503,0.00321990251,0.10462287068,0.08677506446,0.00000548362,0.09904277324,0.08706903457,0.00000524520,0.10078164935
0.09029421210,0.09520089626,0.02526432275,0.08547487854,0.08926725387,0.01858040690,0.08526334166,0.08871015906,0.00012224912
0.09150442481,0.09552192687,0.10219585895,0.06352776288,0.08929297327,0.09708023071,0.08770200610,0.08867910504,0.09869086742
0.09070113301,0.09473288059,0.10246789455,0.08021572232,0.08872398734,0.09697213768,0.08728161454,0.08810114860,0.09832748770
0.09037703275,0.00410503149,0.10129937529,0.07959517836,0.00000548362,0.09618756175,0.08718004822,0.00000548362,0.09728029370
0.09109547734,0.01284939050,0.10164487361,0.08042290806,0.00000536441,0.09611564874,0.08759704232,0.00000548362,0.09719258546
0.09050008654,0.01085683703,0.10670840740,0.08021783828,0.00000524520,0.09960994124,0.08751475811,0.00000524520,0.10106948018
0.09037521481,0.09922730922,0.10569024085,0.07985976338,0.00000447034,0.09857192635,0.08701196312,0.00000450015,0.10032472014
0.09046655893,0.09845036268,0.10536891222,0.07978525757,0.00000461935,0.09853464365,0.08674758672,0.00000473856,0.10025072097
0.09112027287,0.09807375073,0.10521882772,0.08040466904,0.00000458955,0.07567375898,0.08751639723,0.00000473856,0.00072136521
0.09074175357,0.09631168842,0.02717342972,0.08044049143,0.00000435113,0.00000524520,0.08766767382,0.00000473856,0.00000548362
0.09150138497,0.01200973987,0.02833685278,0.06371790170,0.00000464916,0.02274626493,0.08817949891,0.00000461935,0.02010571956
0.09109273552,0.09973952174,0.02534183859,0.08038362860,0.09379899501,0.00000676512,0.08748489618,0.09248477220,0.00000703334
0.09049487113,0.09945359826,0.10353797674,0.07974213361,0.09329539537,0.00000500679,0.08665889501,0.09217551350,0.00000512599
0.08574539422,0.09808549284,0.10264769196,0.07576510310,0.09258556365,0.00000500679,0.08252084255,0.09353366494,0.00000512599
0.09071424603,0.09618186950,0.02936163544,0.08045846223,0.09115090966,0.00000685453,0.08763033151,0.08877813816,0.00000700354
0.09045001864,0.01225855946,0.02806159853,0.07971072196,0.00001049041,0.00000599026,0.08671030402,0.00000962615,0.00000599026
0.09148675203,0.01329213380,0.02835467457,0.06366711854,0.00009188055,0.02282488346,0.08811327815,0.00009039044,0.02042102813
0.09110260009,0.01213490962,0.04106777906,0.08032608032,0.00001025199,0.00000748038,0.08744537830,0.00000947713,0.00000762939
0.09074234962,0.01629224419,0.02713724970,0.08013549447,0.00726225972,0.00000524520,0.08733800053,0.00007501244,0.00000536441
0.09043383598,0.01309964060,0.02372884750,0.07965627312,0.00008988380,0.00000512599,0.08659675717,0.00007301568,0.00000521540
0.09118935465,0.01014733314,0.02696201205,0.08730158209,0.00000911951,0.00000724196,0.08718487620,0.00000789761,0.00000748038
0.08584326505,0.09935674071,0.02242803573,0.08194372057,0.09273979067,0.00000512599,0.08191335201,0.09532046318,0.00000548362
0.09038174152,0.09894901514,0.02237477898,0.08634859323,0.09195035696,0.00000524520,0.08690053224,0.09417271614,0.00000524520
0.08969715237,0.09862115979,0.02701827883,0.08560791611,0.06944897770,0.00000536441,0.08615037798,0.09408321976,0.00000533461
0.09119337797,0.09883239865,0.02383255958,0.08782464265,0.09258753061,0.00000500679,0.08765986561,0.09419348835,0.00000533461
0.09074535965,0.09517046809,0.10560312867,0.08645930886,0.08899191021,0.00008624792,0.08690664172,0.09129738807,0.00017175078
0.09034514427,0.09492862224,0.10518494248,0.08627566695,0.06690099835,0.00010573863,0.08681410551,0.08855515718,0.00019001960
0.09124535322,0.09494775533,0.02805826067,0.08708831667,0.06681051850,0.00000673532,0.08908027410,0.09069260954,0.00000762939
0.08972382545,0.09881907701,0.02708274126,0.08559226989,0.06997564435,0.00000670552,0.08831590414,0.09485998749,0.00000786781
0.08586326241,0.09505447745,0.02842581272,0.08212813735,0.09014824032,0.00000688433,0.08492198586,0.09048962593,0.00000771880
0.09055605530,0.09883940219,0.02523586153,0.08269724249,0.06998977065,0.00000673532,0.06447014212,0.09492903947,0.00000786781
0.08954313397,0.09502243995,0.10203036665,0.08159673213,0.09026685357,0.00008749961,0.06194710731,0.09050440788,0.00016272068
0.09071448445,0.09871312975,0.10296913981,0.00000488758,0.06987154483,0.00008586049,0.00000488758,0.09436875581,0.00017157196
0.09061816334,0.09815841913,0.10249418020,0.00000470876,0.06941473484,0.00008589029,0.00000476837,0.09162870049,0.00016301870
0.09033563733,0.09829640388,0.10616585612,0.00000447034,0.06939211487,0.07611423730,0.00000473856,0.09405007958,0.10149076581
0.09065452218,0.10048452019,0.10572126507,0.00000485777,0.09500667452,0.07566741108,0.00000473856,0.09600090980,0.10058808326
0.09037205576,0.09935161471,0.10576561093,0.00000473856,0.09371635317,0.07585591077,0.00000461935,0.09448438882,0.10107457637
0.09070491790,0.09468439221,0.10498523712,0.00000473856,0.06625920534,0.07543075084,0.00000476837,0.09030312299,0.10092425346
0.09045672416,0.09442627429,0.10556709766,0.00000450015,0.06609040498,0.07582518458,0.00000447034,0.08997133374,0.10152402520
0.09040141105,0.09624528884,0.02825385332,0.00000438094,0.09143507480,0.02313640713,0.00000461935,0.09216400980,0.01808455586
0.09040865302,0.09851279854,0.02699172496,0.00000473856,0.06958138942,0.01936438679,0.00000461935,0.09458428621,0.01342502236
0.09068226814,0.09554877877,0.10269814729,0.00000464916,0.09021022915,0.07262328267,0.00000473856,0.09082877635,0.09750050306
0.09042060375,0.09949097037,0.10216644406,0.00000461935,0.07082325220,0.07294195890,0.00000461935,0.09319648146,0.09785115718
0.09067079424,0.09957307577,0.10161286592,0.00000447034,0.09423536062,0.07215976715,0.00000461935,0.09500145912,0.09762376546
0.09035503864,0.09492841362,0.04052788019,0.00000450015,0.08838173747,0.00000458955,0.00000461935,0.09077724814,0.00000476837
0.09072548151,0.09854185581,0.10560628771,0.00000464916,0.06972828507,0.00000801682,0.00000461935,0.09214577078,0.00000798702
0.09050041437,0.09586885571,0.02937763929,0.00000447034,0.09029701352,0.00000473856,0.00000438094,0.09082210063,0.00000485777
0.09032365679,0.10006007552,0.02999225258,0.00000461935,0.09296011924,0.00000464916,0.00000447034,0.09554201364,0.00000488758
0.09058570861,0.09986782073,0.10177999734,0.00000450015,0.07087534666,0.00000786781,0.00000450015,0.09542611241,0.00000798702
0.09068077802,0.09445738792,0.10235959291,0.00000473856,0.08959668874,0.00000801682,0.00000447034,0.08986055850,0.00000771880
0.09034785628,0.01091763377,0.10181301832,0.00000461935,0.00000548362,0.00000771880,0.00000438094,0.00000610947,0.00000736117
0.09063008427,0.00771215558,0.02967271208,0.00000473856,0.00000509619,0.00000488758,0.00000473856,0.00000599026,0.00000485777
0.09038326144,0.09970909357,0.02535551786,0.00000435113,0.07020151615,0.00000485777,0.00000447034,0.09478354454,0.00000488758
0.09065523743,0.09876126050,0.02540448307,0.00000458955,0.06948438286,0.00000476837,0.00000476837,0.09464076161,0.00000473856
0.09066280722,0.09812098741,0.02371037006,0.00000458955,0.06886765360,0.00000473856,0.00000464916,0.09367838501,0.00000476837
0.09054207801,0.09516316652,0.02701348066,0.00000473856,0.08980104327,0.00000488758,0.00000461935,0.09084123373,0.00000485777
0.09061023592,0.01555061340,0.02795284986,0.00000464916,0.00000599026,0.00000485777,0.00000476837,0.00000688433,0.00000476837
0.09036529064,0.01416203379,0.02923235297,0.00000476837,0.00000560283,0.00000447034,0.00000473856,0.00000673532,0.00000485777
0.09148344397,0.00860145688,0.02647265791,0.00001272559,0.00000584125,0.00000488758,0.00001263618,0.00000700354,0.00000473856
0.09036251902,0.01019656658,0.04115337133,0.00001260638,0.00001123547,0.00000485777,0.00001248717,0.00001025199,0.00000485777
0.09010228514,0.01079598069,0.04080399870,0.00001275539,0.00025942921,0.00000476837,0.00001260638,0.00011199712,0.00000476837
0.08963349461,0.01222968101,0.03845635056,0.00001263618,0.00000986456,0.00000476837,0.00001233816,0.00001096725,0.00000488758
0.09030494093,0.01284185051,0.03703516721,0.08638215065,0.00041085481,0.00000473856,0.00000536441,0.00025177001,0.00000470876
0.09084776043,0.00713986158,0.03008538484,0.08685714006,0.00022596120,0.00000485777,0.00000560283,0.00005400180,0.00000488758
0.09039130806,0.09931120276,0.02797564864,0.08650001883,0.06954780220,0.00000476837,0.00000548362,0.00004512071,0.00000485777
0.09177273511,0.09928625822,0.02700185775,0.08644393086,0.06961202621,0.00000461935,0.00000536441,0.09422245621,0.00000476837
0.09041637182,0.00402274727,0.03891015052,0.08649271726,0.00006824731,0.00000488758,0.00000548362,0.00006124377,0.00000485777
0.09048649668,0.09529724717,0.04079312086,0.08698526024,0.00001624226,0.00000461935,0.00000548362,0.08959835767,0.00000488758
0.09078013896,0.09503558278,0.02841290831,0.08686912059,0.06604778766,0.00000461935,0.00000548362,0.00004270672,0.00000476837
0.09050509333,0.00391998887,0.02996239066,0.08707451820,0.00005686283,0.00000461935,0.00000548362,0.00004512071,0.00000473856
0.09041485190,0.00342625379,0.02694350481,0.08644235134,0.00001138448,0.00000476837,0.00000536441,0.00001138448,0.00000485777
0.08561488986,0.01084628701,0.03692856431,0.08206087350,0.00273585319,0.00000488758,0.00000548362,0.00005912780,0.00000485777
0.09083637595,0.00319463014,0.03143119812,0.08673807978,0.00007736682,0.00000470876,0.00000536441,0.00007036328,0.00000476837
0.09103718400,0.01602175831,0.02707350254,0.08683094382,0.00701615214,0.00000488758,0.08693432807,0.00322625041,0.00000485777
0.09000840783,0.00917243957,0.02513152360,0.08599400520,0.00031062960,0.00000488758,0.08600252866,0.00001236796,0.00000447034
0.09147152304,0.00857850909,0.02516558766,0.08666220307,0.00009939074,0.00000485777,0.08669850230,0.00009089708,0.00000485777
0.09054389595,0.00340011715,0.03126138448,0.08586701750,0.00000864267,0.00000488758,0.08593526482,0.00000938773,0.00000488758
0.09002372622,0.00887075066,0.02607735991,0.08530014753,0.00036397576,0.00000473856,0.08535158634,0.00010761618,0.00000485777
0.09106895327,0.01420062780,0.10617461800,0.08668473362,0.00011101365,0.00000536441,0.08718448877,0.00010362267,0.00000560283
0.09141561388,0.00850340723,0.10238561034,0.08689475059,0.00007414817,0.00000536441,0.08715975284,0.00006800889,0.00000551342
0.08606982231,0.00346052646,0.10239958763,0.08213648200,0.00006884336,0.00000524520,0.08224064111,0.00004476308,0.00000545382
0.09069088101,0.00324174761,0.10202836990,0.08665338158,0.00000873208,0.00000536441,0.08706012368,0.00000900030,0.00000548362
0.08609104156,0.00189286470,0.10240614414,0.08217248320,0.00005137920,0.00000548362,0.08235630393,0.00004798173,0.00000548362
0.09066614508,0.01089575886,0.10190504789,0.08667328953,0.00273951888,0.00000521540,0.08699887990,0.00006076693,0.00000524520
0.09104287624,0.01005682349,0.10489451885,0.08650538325,0.00001186132,0.00000512599,0.08673152327,0.00001233816,0.00000548362
0.09114214777,0.00916001200,0.10186183452,0.06325030326,0.00031200051,0.00000521540,0.06298828125,0.00001221895,0.00000548362
0.09088286757,0.00987964868,0.10055074095,0.08609327673,0.00010025501,0.00000524520,0.08649852871,0.00009238719,0.00000524520
0.08971774578,0.00846630334,0.10236036777,0.00000599026,0.00007408857,0.00000536441,0.00000613927,0.00006774067,0.00000548362
0.09128358960,0.09918928146,0.10235899686,0.08643737435,0.00000596046,0.00000524520,0.08687123656,0.00000587105,0.00000536441
0.09079030156,0.09587171673,0.10169863700,0.08591172099,0.00000599026,0.00000521540,0.08624610304,0.00000587105,0.00000512599
0.09081014990,0.09517240524,0.10088360309,0.08633834123,0.00000596046,0.00000524520,0.08675703406,0.00000557303,0.00000536441
0.09234359860,0.09971675276,0.10144832730,0.08737665414,0.00000596046,0.00000524520,0.08803212642,0.00000584125,0.00000536441
0.09163516759,0.09939035773,0.10530859231,0.08697590231,0.00000599026,0.00000524520,0.08729639649,0.00000596046,0.00000536441
0.09079772233,0.09594196081,0.10344329476,0.08612459897,0.00000560283,0.00000536441,0.08662959933,0.00000584125,0.00000548362
0.09022548794,0.09851911664,0.10280367732,0.08545815944,0.00000587105,0.00000524520,0.08580553531,0.00000596046,0.00000533461
0.09173423051,0.09987822175,0.10151132941,0.08528932929,0.00000596046,0.00000524520,0.00001060962,0.00000572204,0.00000536441
0.09128519892,0.10056143999,0.10353568196,0.08655023574,0.00000596046,0.00000521540,0.08728644251,0.00000560283,0.00000524520
0.08633837103,0.09505397081,0.10533443093,0.08213791251,0.00000584125,0.00000524520,0.08218216896,0.00000584125,0.00000524520
0.09068286418,0.01324725151,0.10485389828,0.08675909042,0.00402364134,0.00000536441,0.08682218194,0.00206261873,0.00000548362
0.09066474437,0.01204976439,0.10388922691,0.08704468607,0.00016149878,0.00000512599,0.08741536736,0.00013011693,0.00000548362
0.08955186605,0.00845363736,0.10234233736,0.08563199639,0.00047537684,0.00000536441,0.08576336503,0.00032761693,0.00000536441
0.08548575639,0.00773686170,0.10235112905,0.08223888278,0.00010421872,0.00000524520,0.08230927586,0.00009888410,0.00000548362
0.09068956971,0.09884527325,0.10347563028,0.08700397610,0.06998410820,0.00000536441,0.08734712004,0.08757799863,0.00000548362
0.09115636348,0.09818938374,0.10307750105,0.08701333403,0.09322679042,0.00000536441,0.08740577101,0.09410420060,0.00000548362
0.08548435568,0.00506901741,0.10195752978,0.08215141296,0.00028350949,0.00000512599,0.08224296569,0.00008749961,0.00000548362
0.08552303910,0.09568560123,0.10235866904,0.08214583992,0.09060648083,0.00000524520,0.08222961425,0.09143200516,0.00000512599
0.09042146801,0.09438878297,0.10151520371,0.08649924397,0.08969211578,0.00000536441,0.08677500486,0.08805122971,0.00000536441
0.09102961421,0.01430577039,0.10189214348,0.08736577630,0.00504976511,0.00000536441,0.08776119351,0.00019514560,0.00000536441
0.09084069728,0.00983449816,0.10244989395,0.08697038888,0.00067403912,0.00000524520,0.08715713024,0.00052475929,0.00000548362
0.08990404009,0.01087260246,0.10191398859,0.08620479702,0.00213912129,0.00000509619,0.08664876222,0.00111225247,0.00000545382
0.08956319093,0.01431849598,0.10217753052,0.08550947904,0.00513496994,0.00000536441,0.08556705713,0.00019565224,0.00000512599
0.08988448977,0.01319751143,0.10206636786,0.08627349138,0.00400039553,0.00000521540,0.08667328953,0.00118535757,0.00000548362
0.09058499336,0.01136249303,0.10143741965,0.00010287761,0.00214487314,0.00000533461,0.08691573143,0.00110414624,0.00000524520
0.08547580242,0.01032176613,0.10589110851,0.08212408423,0.00067362189,0.00000536441,0.08456310629,0.00052562355,0.00000548362
0.09101486206,0.01247328519,0.10573691129,0.08745276927,0.00379613041,0.00000524520,0.09064701199,0.00167137384,0.00000536441
0.08549362421,0.01608014106,0.10555773973,0.08211523294,0.00634774565,0.00000524520,0.08482676744,0.00376090407,0.00000560283
0.09069001674,0.01319876313,0.10319155454,0.08715328574,0.00037473440,0.00000533461,0.08866736292,0.00024449825,0.00000524520
0.08954825997,0.01072335243,0.10262069106,0.08577376604,0.00015038251,0.00000536441,0.08588698506,0.00013065338,0.00000548362
0.09036871790,0.01266023516,0.10130766034,0.08651739358,0.00252783298,0.00000500679,0.08688616752,0.00029861927,0.00000548362
0.08961054682,0.01276984810,0.10238447785,0.08568403124,0.00012961030,0.00000536441,0.08574199676,0.00011324882,0.00000548362
0.08551526069,0.01032531261,0.10246735811,0.08220240473,0.00014463067,0.00000524520,0.08226490020,0.00010436773,0.00000533461
0.09051176905,0.00535362958,0.10254788398,0.00010275840,0.00028473138,0.00000536441,0.08703038096,0.00008812546,0.00000548362
0.09125524759,0.00260478258,0.10539624094,0.08699387311,0.00006249547,0.00000524520,0.08732232451,0.00005927681,0.00000548362
0.08992269635,0.01888081431,0.10612925887,0.08624249696,0.01022586226,0.00000524520,0.08664846420,0.00374588370,0.00000548362
0.09035807847,0.01250174641,0.10542753338,0.08633053302,0.00378814339,0.00000500679,0.08641922473,0.00167262554,0.00000536441
0.08992078900,0.01665401458,0.10571208596,0.08611112833,0.00704559683,0.00000548362,0.08627116680,0.00366309285,0.00000548362
0.08958923816,0.01366901397,0.10466137528,0.08538222312,0.00404748320,0.00000536441,0.08525136113,0.00208288431,0.00000536441
0.09100461006,0.01296302676,0.10182735323,0.08729448914,0.00015848875,0.00000524520,0.08749538660,0.00014913082,0.00000545382
0.09063386917,0.01636284589,0.10242924094,0.08678072690,0.00559812784,0.00000536441,0.08691859245,0.00111162662,0.00000536441
0.08962821960,0.01346087455,0.10191112756,0.08547350764,0.00400921702,0.00000524520,0.08527678251,0.00118812918,0.00000548362
0.09064885973,0.01480668783,0.10514280200,0.08678963780,0.00504377484,0.00000536441,0.08689439296,0.00019362568,0.00000536441
0.09116527438,0.01257300376,0.10534664988,0.08682081103,0.00016275048,0.00000524520,0.08699387311,0.00013077259,0.00000545382
0.09045621752,0.01136413216,0.10237872600,0.08633765578,0.00214412808,0.00000536441,0.08642485737,0.00111433863,0.00000512599
0.08957687020,0.00346976518,0.10176965594,0.08542171120,0.00004801154,0.00000536441,0.08530941605,0.00001573562,0.00000548362
0.09102135896,0.01260849833,0.10206115245,0.08745813369,0.00253811478,0.00000512599,0.08789351582,0.00029963254,0.00000533461
0.09062546491,0.01420789957,0.10388678312,0.08755099773,0.00503724813,0.00000524520,0.08727958798,0.00019451975,0.00000524520
0.09106087684,0.01086112856,0.10930827260,0.08747199177,0.00213500857,0.00000512599,0.08789610862,0.00111073255,0.00000548362
0.09063100814,0.01436150074,0.10702747106,0.08702024817,0.00523537397,0.00000536441,0.08730679750,0.00109663605,0.00000536441
0.08992636203,0.00887387990,0.10531172156,0.08631986379,0.00178363919,0.00000524520,0.08669596910,0.00071501731,0.00000524520
0.08958086371,0.00984990596,0.10276159644,0.08568829298,0.00014474987,0.00000521540,0.08567643165,0.00010475516,0.00000548362
0.09060597419,0.00329187512,0.10312947630,0.08694127202,0.00004747509,0.00000536441,0.08726656436,0.00001588463,0.00000536441
0.09035915136,0.00285300612,0.10272195935,0.08646550774,0.00026747584,0.00000521540,0.08678525686,0.00007051229,0.00000536441
0.09106317162,0.01824811100,0.10184901952,0.08744487166,0.01026773452,0.00000536441,0.08741813898,0.00377812981,0.00000536441
0.09054249525,0.01096886396,0.10136276483,0.00009888410,0.00013223290,0.00000524520,0.08647415041,0.00012099742,0.00000536441
0.08954951167,0.01083487272,0.10528975725,0.08539766073,0.00213187932,0.00000512599,0.08523738384,0.00110900402,0.00000512599
0.09064334630,0.01262849569,0.10486614704,0.08675447106,0.00037613511,0.00000536441,0.08683151006,0.00024586915,0.00000548362
0.09054848551,0.01289007067,0.10286551713,0.00009924173,0.00031924247,0.00000524520,0.08650317788,0.00012937188,0.00000536441
0.09037125110,0.01019319891,0.10275399684,0.08628115057,0.00000649690,0.00000548362,0.08644285798,0.00000712275,0.00000536441
0.08957889676,0.09966704249,0.10197281837,0.08544436097,0.08717265725,0.00000524520,0.08526360988,0.07093390822,0.00000524520
0.08550342917,0.09926304221,0.10235777497,0.08194762468,0.09405082464,0.00000524520,0.08180984854,0.09500652551,0.00000536441
0.09064659476,0.09908527135,0.10215696692,0.08679407835,0.08686763048,0.00000524520,0.08685550093,0.09349361062,0.00000521540
0.09037411212,0.09505665302,0.10240015387,0.08626240491,0.08994677662,0.00000536441,0.08646383881,0.09022876620,0.00000524520
0.09106874465,0.01320973038,0.10200861096,0.08724063634,0.00000703334,0.00000548362,0.08740761876,0.00000762939,0.00000536441
0.09033659100,0.01285383105,0.10625484585,0.08626011013,0.00010249018,0.00000524520,0.08637350797,0.00009313225,0.00000548362
0.08988553285,0.00323653221,0.10244533419,0.08608040213,0.00000622868,0.00000524520,0.08630311489,0.00000700354,0.00000548362
0.08958914875,0.01580464839,0.10241398215,0.08540898561,0.00000724196,0.00000512599,0.08522927761,0.00000748038,0.00000548362
0.09043619036,0.10078042745,0.10230773687,0.07926064729,0.09516638517,0.00000524520,0.08603200316,0.09627774357,0.00000536441
0.08993974328,0.09914350509,0.10238969326,0.07873392105,0.09452718496,0.00000533461,0.08519691228,0.09656333923,0.00000524520
0.08588612079,0.09909272193,0.10334551334,0.07551074028,0.09379240870,0.00000536441,0.08218199014,0.09238451719,0.00000548362
0.09147813916,0.09791639447,0.10199582576,0.08675420284,0.09273952245,0.00000536441,0.08710804581,0.09164851903,0.00000548362
0.09008312225,0.09582990407,0.10623639822,0.08547335863,0.09091490507,0.00000524520,0.00016248226,0.08471062779,0.00000536441
0.09090316295,0.01441961526,0.10538870096,0.08691513538,0.00001087784,0.00000524520,0.08719667792,0.00000748038,0.00000548362
0.09104260802,0.01195734739,0.10610362887,0.08572778105,0.00001263618,0.00000536441,0.08556991815,0.00000715255,0.00000548362
0.09081894159,0.01222193241,0.10464152693,0.08682450652,0.00022837519,0.00000521540,0.08719658851,0.00001856684,0.00000524520
0.08604094386,0.01190990209,0.10465213656,0.08234721422,0.00002676248,0.00000524520,0.08242934942,0.00001099705,0.00000533461
0.09039816260,0.01003828644,0.10276311635,0.08619150519,0.00000748038,0.00000536441,0.08657187223,0.00000748038,0.00000548362
0.08622801303,0.00771176815,0.10687008500,0.08241543173,0.00000739097,0.00000512599,0.08277863264,0.00000697374,0.00000548362
0.09149700403,0.00406599044,0.10556989908,0.08701738715,0.00000685453,0.00000536441,0.08726933598,0.00000664591,0.00000536441
0.09133461117,0.00414970517,0.10317641496,0.08721148967,0.00000637769,0.00000533461,0.08714821934,0.00000673532,0.00000548362
0.09165340662,0.00414589047,0.10237294435,0.08683103322,0.00000631809,0.00000524520,0.08717876672,0.00000658631,0.00000536441
0.09006074070,0.00980439782,0.10260072350,0.08591532707,0.00004875659,0.00000521540,0.08593988418,0.00001099705,0.00000536441
0.08604335784,0.01280301809,0.10143694281,0.08236569166,0.00000748038,0.00000524520,0.08235400915,0.00000748038,0.00000536441
0.09152904152,0.01555788516,0.10589459538,0.08708629012,0.00001007318,0.00000524520,0.08728066086,0.00000712275,0.00000536441
0.09148859977,0.01491463184,0.10552024841,0.08701241016,0.00001060962,0.00000524520,0.08727914094,0.00000724196,0.00000524520
0.09003189206,0.01305797696,0.10540625452,0.08590435981,0.00000748038,0.00000512599,0.08585229516,0.00000756978,0.00000548362
0.09039589762,0.00772437453,0.10241204500,0.08618131279,0.00000712275,0.00000536441,0.08655688166,0.00000703334,0.00000548362
0.09192162752,0.01742395758,0.10200762748,0.08767101168,0.00815609097,0.00000536441,0.08795064687,0.00001299381,0.00000548362
0.08604139089,0.00983154773,0.10557997226,0.08235561847,0.00004899501,0.00000536441,0.08243751525,0.00001087784,0.00000524520
0.09188577532,0.01241877675,0.10615554451,0.08762022852,0.00001323223,0.00000548362,0.08785149455,0.00000962615,0.00000548362
0.09038537740,0.09905061125,0.10555464029,0.08615753054,0.00000497698,0.00000524520,0.08657053112,0.00000587105,0.00000536441
0.09166616201,0.09894999861,0.10544344782,0.08560562133,0.09382721781,0.00000524520,0.06373462080,0.00074052810,0.00000533461
0.00021600723,0.09857764840,0.10521802306,0.00000974535,0.09367224574,0.00000536441,0.00000989437,0.09457013010,0.00000548362
0.08978837728,0.09540560841,0.10343611240,0.08500924706,0.00000497698,0.00000524520,0.08478415012,0.00000575184,0.00000545382
0.09038695693,0.01095637679,0.10240885615,0.08603373169,0.00001338124,0.00000524520,0.08624598383,0.00001376867,0.00000524520
0.08581492304,0.01410737633,0.10262641310,0.08176285028,0.00513011217,0.00000536441,0.08182039856,0.00015002489,0.00000548362
0.09046161174,0.00844976305,0.10186806321,0.08606177568,0.00001674890,0.00000524520,0.08678540587,0.00001400709,0.00000536441
0.09036934375,0.01081201434,0.10533040761,0.08586603403,0.00001248717,0.00000548362,0.08624961972,0.00001347064,0.00000548362
0.08582785725,0.01411777734,0.10254034399,0.08172324299,0.00512337684,0.00000536441,0.08178624510,0.00014925003,0.00000512599
0.09050825238,0.01266971230,0.10273763537,0.08614572882,0.00000524520,0.00000536441,0.08662080764,0.00000560283,0.00000536441
0.09031885862,0.09958171844,0.10245835781,0.08585882186,0.00000700354,0.00000536441,0.08891135454,0.00000745058,0.00000548362
0.09041243791,0.00418865680,0.10201284289,0.08581092953,0.00000512599,0.00000548362,0.08617427945,0.00000521540,0.00000536441
0.08581328392,0.00276798009,0.10212266445,0.08169168233,0.00000500679,0.00000536441,0.08172228932,0.00000548362,0.00000533461
0.09148812294,0.09536680579,0.10196200013,0.00001087784,0.00000661611,0.00000512599,0.00001022219,0.00000697374,0.00000548362
0.09138640761,0.00277459621,0.10199755430,0.00001060962,0.00000524520,0.00000533461,0.00001013278,0.00000548362,0.00000536441
0.08600771427,0.01606434583,0.10305070877,0.00001057982,0.00000548362,0.00000500679,0.00000986456,0.00000572204,0.00000521540
0.09140047430,0.00342500209,0.10312673449,0.00000670552,0.00000521540,0.00000533461,0.00000625848,0.00000548362,0.00000536441
0.09100022912,0.09863811731,0.10202437639,0.00000637769,0.09220236539,0.00000524520,0.00000599026,0.09265699982,0.00000548362
0.09031808376,0.09838935732,0.10193714499,0.00000649690,0.09200766682,0.00000512599,0.00000634789,0.09209656715,0.00000545382
0.09088853001,0.09882238507,0.10089477896,0.08684062957,0.07042348384,0.00000512599,0.08701676130,0.09282773733,0.00000536441
0.08966886997,0.09838065505,0.10585561394,0.08559012413,0.06979563832,0.00000524520,0.08536821603,0.09215271472,0.00000536441
0.08598065376,0.09432962536,0.10277754068,0.08199131488,0.08850342035,0.00000536441,0.08183962106,0.08814278244,0.00000548362
0.09155023097,0.01503750681,0.10205242037,0.00000658631,0.00520324707,0.00000536441,0.00000658631,0.00193715095,0.00000524520
0.09014844894,0.00075450539,0.10305324196,0.00000637769,0.00001525878,0.00000524520,0.00000649690,0.00000751018,0.00000548362
0.09158548712,0.01309150457,0.10141226649,0.00000649690,0.00407099723,0.00000536441,0.00000661611,0.00210109353,0.00000536441
0.09156984090,0.01075848937,0.10637930035,0.00000631809,0.00303512811,0.00000536441,0.00000673532,0.00017088651,0.00000548362
0.09141874313,0.00978299975,0.10543990135,0.00000634789,0.00056135654,0.00000512599,0.00000658631,0.00042164325,0.00000548362
0.09062597155,0.01427736878,0.10529863834,0.00000631809,0.00017285346,0.00000533461,0.00000661611,0.00010922551,0.00000536441
0.09079292416,0.01154902577,0.10349628329,0.00000646710,0.00013449788,0.00000524520,0.00000658631,0.00011524558,0.00000533461
0.08613452315,0.09994399547,0.10273700952,0.00000625848,0.00012052059,0.00000533461,0.00000661611,0.08892571926,0.00000548362
0.09137696027,0.09979608654,0.10203450918,0.00000649690,0.09399423003,0.00000524520,0.00000673532,0.09521222114,0.00000536441
0.09150075912,0.09928932785,0.10218912363,0.00000694394,0.09385138750,0.00000524520,0.00000798702,0.09476679563,0.00000524520
0.08566513657,0.09874933958,0.10175099968,0.00000688433,0.09356132149,0.00000536441,0.00000762939,0.09442502260,0.00000548362
0.09026741981,0.00383073091,0.10143125057,0.08609887957,0.00003549456,0.00000533461,0.08646750450,0.00003361701,0.00000548362
0.09082397818,0.09617725014,0.10588949918,0.08673912286,0.00012049078,0.00000536441,0.08703571557,0.08511424064,0.00000545382
0.09093528985,0.09507784247,0.10567197203,0.08677911758,0.09040051698,0.00000521540,0.08721330761,0.09110155701,0.00000536441
0.09081891179,0.00481888651,0.10492652654,0.08671236038,0.00003311038,0.00000524520,0.08702006936,0.00003257393,0.00000536441
0.09057584404,0.00273412466,0.10533654689,0.08660700917,0.00000688433,0.00000536441,0.08716574311,0.00000697374,0.00000548362
0.09016886353,0.00339362025,0.10235312581,0.08613318204,0.00000709295,0.00000536441,0.08657714724,0.00000700354,0.00000545382
0.09093827009,0.01428151130,0.10183471441,0.08673655986,0.00017523765,0.00000536441,0.08718287944,0.00010964274,0.00000548362
0.08566537499,0.01570475101,0.10231199860,0.08199387788,0.00010311603,0.00000524520,0.08224350214,0.00009813904,0.00000509619
0.09130781888,0.01021039485,0.10217013955,0.08721110224,0.00288757681,0.00000524520,0.08776092529,0.00155961513,0.00000533461
0.09006553888,0.01078209280,0.10184347629,0.08610677719,0.00213536620,0.00000536441,0.08657252788,0.00087636709,0.00000548362
0.08951210975,0.00771549344,0.10625079274,0.08534011244,0.00017398595,0.00000536441,0.08554390072,0.00014162063,0.00000521540
0.09083774685,0.00251913070,0.10610252618,0.08665791153,0.00012600421,0.00000536441,0.08701986074,0.00008338689,0.00000548362
0.09010523557,0.01419597864,0.10563957691,0.08605766296,0.00530090928,0.00000521540,0.08653596043,0.00010398030,0.00000536441
0.08565211296,0.01530063152,0.10554397106,0.08194652199,0.00606152415,0.00000536441,0.08218303322,0.00374212861,0.00000536441
0.09093180298,0.00985163450,0.10239532589,0.08673599362,0.00330263376,0.00000524520,0.08725020289,0.00015062093,0.00000533461
0.09125089645,0.01019421219,0.10184457898,0.08724454045,0.00289273262,0.00000536441,0.08774825930,0.00156626105,0.00000548362
0.08571878075,0.00346428155,0.10057631134,0.08198016881,0.00009962916,0.00000524520,0.08223634958,0.00007662177,0.00000536441
0.09056425094,0.00165450572,0.10521185398,0.08658280968,0.00000560283,0.00000536441,0.08711642026,0.00000560283,0.00000548362
0.09014111757,0.00978037714,0.10493427515,0.08613401651,0.00330576300,0.00000536441,0.08666568994,0.00015026330,0.00000512599
0.08569824695,0.00338500738,0.10277161002,0.08194848895,0.00000709295,0.00000500679,0.08227092027,0.00000709295,0.00000536441
0.09116438031,0.01074811816,0.10240203142,0.08790525794,0.00017762184,0.00000536441,0.08776378631,0.00015085935,0.00000536441
0.09152883291,0.01189211010,0.10346654057,0.06369614601,0.00312635302,0.00000548362,0.08697709441,0.00143924355,0.00000536441
0.09101077914,0.00852420926,0.10234379768,0.06350123882,0.00013726949,0.00000536441,0.08620771765,0.00013327598,0.00000512599
0.09110870957,0.01337963342,0.10141411423,0.08621141314,0.00523260235,0.00000524520,0.08644625544,0.00011610984,0.00000536441
0.08595639467,0.01143163442,0.10653293132,0.08186170458,0.00014650821,0.00000524520,0.08165949583,0.00013586878,0.00000548362
0.09010976552,0.01210588216,0.10463961958,0.08616846799,0.00013527274,0.00000524520,0.08670920133,0.00011646747,0.00000524520
0.08999314904,0.00404387712,0.10317063331,0.08544296026,0.00003689527,0.00000548362,0.08541113138,0.00003474950,0.00000536441
0.09109365940,0.01478844881,0.10264462232,0.08649826049,0.00531476736,0.00000512599,0.08687600493,0.00010398030,0.00000533461
0.09022650122,0.00433537364,0.10177475214,0.08610886335,0.00000610947,0.00000524520,0.08658924698,0.00000599026,0.00000536441
0.08598715066,0.01128095388,0.10532259941,0.08204334974,0.00017648935,0.00000536441,0.08202588558,0.00014999508,0.00000524520
0.09096011519,0.01208171248,0.10493737459,0.08320465683,0.00013548135,0.00000536441,0.08322587609,0.00011622905,0.00000500679
0.09003895521,0.00404328107,0.10489308834,0.08609798550,0.00003615021,0.00000512599,0.08650121092,0.00003448128,0.00000524520
0.09003213047,0.00357434153,0.10197436809,0.08537861704,0.00000712275,0.00000536441,0.08532112836,0.00000703334,0.00000536441
0.08598053455,0.00425276160,0.10087725520,0.08195757865,0.00005349516,0.00000536441,0.08202388882,0.00005325675,0.00000548362
0.09004953503,0.00288504362,0.10558688640,0.08609539270,0.00000700354,0.00000524520,0.08662271499,0.00000700354,0.00000524520
0.08603185415,0.01804479956,0.10533061623,0.08203586935,0.00837561488,0.00000524520,0.08210450410,0.00508502125,0.00000524520
0.09110289812,0.01130437850,0.10463541746,0.08667483925,0.00214311480,0.00000524520,0.08714577555,0.00088214874,0.00000536441
0.09167045354,0.00441184639,0.10273438692,0.08731672167,0.00000751018,0.00000548362,0.08769246935,0.00000724196,0.00000536441
0.09086778759,0.00293189287,0.10235309600,0.08648905158,0.00000700354,0.00000536441,0.08697867393,0.00000697374,0.00000521540
0.08597722649,0.00440785288,0.10261732339,0.08214756846,0.00000712275,0.00000509619,0.08217298984,0.00000715255,0.00000536441
0.09003511071,0.00202700495,0.10130161046,0.08621048927,0.00006425380,0.00000536441,0.08671197295,0.00005701184,0.00000512599
0.08595240116,0.01124471426,0.10188242793,0.08211085200,0.00214421749,0.00000524520,0.08221963047,0.00088560581,0.00000533461
0.09012052416,0.00339913368,0.10279485583,0.08599001169,0.00009211897,0.00000536441,0.08630162477,0.00009164214,0.00000548362
0.08999627828,0.00425240397,0.10541301965,0.08525711297,0.00005349516,0.00000536441,0.08503335714,0.00005400180,0.00000536441
0.08596640825,0.01662385463,0.10603523254,0.08186355233,0.00001463294,0.00000536441,0.08169978857,0.00001576542,0.00000548362
0.08999097347,0.00927600264,0.10522848367,0.08526858687,0.00000911951,0.00000524520,0.08499640226,0.00000974535,0.00000533461
0.09097826480,0.01251736283,0.10524368286,0.08313924074,0.00004202127,0.00000524520,0.08312523365,0.00001448392,0.00000524520
0.09004798531,0.01358351111,0.10466882586,0.08594167232,0.00506061315,0.00000536441,0.08658576011,0.00001364946,0.00000548362
0.09112799167,0.00344663858,0.10283893346,0.08651173114,0.00000888109,0.00000512599,0.08693173527,0.00000962615,0.00000524520
0.09112983942,0.00258734822,0.10190060734,0.08703908324,0.00006148219,0.00000536441,0.08671075105,0.00002685189,0.00000524520
0.09111469984,0.09869986772,0.10158222913,0.08654749393,0.09071397781,0.00000536441,0.08721303939,0.09165129065,0.00000548362
0.08596014976,0.09522724151,0.10512167215,0.08202451467,0.08988136053,0.00000536441,0.08212524652,0.09056270122,0.00000533461
0.09062749147,0.09512829780,0.10518068075,0.08637344837,0.09002685546,0.00000512599,0.08669084310,0.09038299322,0.00000548362
0.08994153141,0.00325900316,0.10536202788,0.08542379736,0.00000885128,0.00000536441,0.08542406558,0.00000950694,0.00000536441
0.08598640561,0.09927177429,0.10464975237,0.08202785253,0.09347146749,0.00000524520,0.08203944563,0.09481003880,0.00000536441
0.09137478470,0.09905695915,0.10273838043,0.08308851718,0.00000748038,0.00000536441,0.08292078971,0.00000813603,0.00000536441
0.09082224965,0.09853777289,0.10181015729,0.08618196845,0.00000739097,0.00000536441,0.08650544285,0.00000822544,0.00000548362
0.09003537893,0.09581008553,0.10588973760,0.08592692017,0.09038239717,0.00000524520,0.08642351627,0.09097230434,0.00000548362
0.09081029891,0.09461578726,0.10591068863,0.08622026443,0.08963549137,0.00000536441,0.08649307489,0.09002578258,0.00000524520
0.09012627601,0.09846162796,0.10519573092,0.08594202995,0.09336560964,0.00000536441,0.08620235323,0.09447750449,0.00000545382
0.08597350120,0.09815064072,0.10532116889,0.08217617869,0.09308928251,0.00000548362,0.08179003000,0.09413564205,0.00000536441
0.09112632274,0.09583231806,0.10495361685,0.08631145954,0.09064435958,0.00000524520,0.08653435111,0.09152963757,0.00000536441
0.09079846739,0.09874698519,0.10312953591,0.08619925379,0.00000762939,0.00000536441,0.08648872375,0.00000813603,0.00000536441
0.09002140164,0.09572851657,0.10214036703,0.08590477705,0.09081989526,0.00000536441,0.08618900179,0.09153214097,0.00000533461
0.08999827504,0.01297226548,0.10614588856,0.08524915575,0.00000762939,0.07611292600,0.08529952168,0.00000721216,0.07715111970
0.08601582050,0.10046508908,0.10569623112,0.08180359005,0.00000986456,0.07575809955,0.08166700601,0.00000977516,0.07662713527
0.09164547920,0.09984424710,0.10537949204,0.08706876635,0.00000998377,0.09906861186,0.08723032474,0.00000965595,0.07624506950
0.09054127335,0.09927013516,0.02616348862,0.08622699975,0.00001025199,0.02026692032,0.08636736869,0.00001025199,0.01571777462
0.08597314357,0.00492587685,0.02369114756,0.08187070488,0.00000703334,0.01782077550,0.08217561244,0.00000700354,0.01133182644
0.09167847037,0.00344836711,0.10300824046,0.08710065484,0.00000700354,0.07356593012,0.08720999956,0.00000685453,0.07414966821
0.09094977378,0.00104737281,0.10310643911,0.08307072520,0.00000700354,0.07344096899,0.08292159438,0.00000697374,0.07399991154
0.09078559279,0.09660547971,0.10281550884,0.08625262975,0.00000986456,0.09663173556,0.08714652061,0.00000986456,0.07379025220
0.09002774953,0.00987964868,0.10230663418,0.08521613478,0.00000536441,0.09609726071,0.08493524789,0.00000536441,0.07246360182
0.09165152907,0.01420587301,0.10482752323,0.08707740902,0.00000751018,0.09904107451,0.08721339702,0.00000748038,0.10069251060
0.09003546833,0.01196050643,0.10470426082,0.08592477440,0.00000587105,0.09871461987,0.08621752262,0.00000587105,0.10056740045
0.09113961458,0.00488096475,0.10324218869,0.08629062771,0.00000700354,0.09743237495,0.08692839741,0.00000700354,0.09867176413
0.09003192186,0.00327414274,0.10277754068,0.08593037724,0.00000712275,0.09696176648,0.08620443940,0.00000712275,0.09836903214
0.08998543024,0.01080611348,0.10221651196,0.08519873023,0.00000736117,0.09637206792,0.08495864272,0.00000724196,0.09775418043
0.08596134185,0.01020649075,0.10284268856,0.08185726404,0.00000536441,0.09782814979,0.08173462748,0.00000560283,0.09840026497
0.09108170866,0.01303476095,0.10256043076,0.08307451009,0.00000587105,0.09701499342,0.08290135860,0.00000584125,0.09825348854
0.09052872657,0.01297384500,0.10218945145,0.08617591857,0.00000572204,0.09664621949,0.08622914552,0.00000548362,0.09835055470
0.09003499150,0.01195490360,0.10557627677,0.08592927455,0.00000584125,0.09950998425,0.08620029687,0.00000587105,0.10154986381
0.09117141366,0.01303946971,0.10239437222,0.08633890748,0.00000685453,0.09688600897,0.08653259277,0.00000685453,0.09819999337
0.09115341305,0.00104764103,0.02806350588,0.08631750941,0.00000724196,0.00000536441,0.08647078275,0.00000700354,0.00000560283
0.09054625034,0.01606610417,0.02493113279,0.08623161911,0.00000774860,0.00000512599,0.08625060319,0.00000751018,0.00000548362
0.09114578366,0.01415169239,0.10374471545,0.08632290363,0.00000724196,0.09725749492,0.08657506108,0.00000712275,0.09848591685
0.09006687998,0.01288425922,0.10383516550,0.08591958880,0.00000721216,0.09777739644,0.08616888523,0.00000724196,0.09714126586
0.09066563844,0.01075139641,0.10350048542,0.00000697374,0.00000548362,0.09695225954,0.00000783801,0.00000524520,0.09639492630
0.09136059880,0.00407773256,0.10355550050,0.00000673532,0.00000622868,0.09692609310,0.00000759959,0.00000634789,0.09845101833
0.09135276079,0.00344583392,0.10354551672,0.00000685453,0.00000688433,0.09716114401,0.00000751018,0.00000676512,0.09855762124
0.09046527743,0.00397780537,0.10314860939,0.00000676512,0.00000712275,0.09670725464,0.00000762939,0.00000712275,0.09812757372
0.08612516522,0.00326687097,0.10294887423,0.00000697374,0.00000724196,0.09657904505,0.00000748038,0.00000697374,0.09805136919
0.09022951126,0.00283050537,0.10307624936,0.08545777201,0.00000548362,0.09648460149,0.08554050326,0.00000548362,0.09774100780
0.09043979644,0.00238463282,0.10551875829,0.00000673532,0.00000685453,0.00000548362,0.00000786781,0.00000691413,0.00000548362
0.09192872047,0.01503041386,0.02725335955,0.08687984943,0.00000712275,0.00000524520,0.08780917525,0.00000712275,0.00000536441
0.09151604771,0.01422178745,0.02827912569,0.00000700354,0.00000709295,0.00000512599,0.00000771880,0.00000712275,0.00000536441
0.09084287285,0.00716587901,0.02681890130,0.00000685453,0.00000524520,0.00000524520,0.00000697374,0.00000524520,0.00000536441
0.09027677774,0.09796577692,0.02598753571,0.00000661611,0.00000661611,0.00000548362,0.00000697374,0.00000685453,0.00000548362
0.08942344784,0.01249623298,0.10241726040,0.00000649690,0.00000485777,0.00000610947,0.00000697374,0.00000452995,0.00000637769
0.09067749977,0.01161602139,0.10247525572,0.08644038438,0.00000461935,0.00000622868,0.08659374713,0.00000476837,0.00000658631
0.09025165438,0.01150652766,0.10130539536,0.08605876564,0.00000461935,0.09646502137,0.08665862679,0.00000461935,0.09733507037
0.08935570716,0.00340938568,0.10112461447,0.08503338694,0.00000452995,0.09220841526,0.08521372079,0.00000461935,0.09777623414
0.09024399518,0.00768727064,0.10115677118,0.08636203408,0.00000452995,0.09399196505,0.08725041151,0.00000473856,0.09731420874
0.08978012204,0.00341027975,0.10559010505,0.08600476384,0.00000458955,0.09939226508,0.08664160966,0.00000450015,0.10134077072
0.09111860394,0.00769689679,0.10491979122,0.08693775534,0.00000458955,0.09860688447,0.08741062879,0.00000438094,0.10035377740
0.08979639410,0.01597276329,0.02765500545,0.08598032593,0.00000450015,0.00000813603,0.08659127354,0.00000461935,0.00000888109
0.09041899442,0.01289460062,0.10336279869,0.08631095290,0.00000450015,0.09763851761,0.08676639199,0.00000473856,0.09875500202
0.08546209335,0.01575377583,0.10311338305,0.08184757828,0.00601685047,0.09712401032,0.08210480213,0.00308650732,0.09849032759
0.09022003412,0.01422756910,0.10297203063,0.08623975515,0.00501322746,0.09722688794,0.08706182241,0.00038009881,0.09838178753
0.09046661853,0.01272195577,0.10275435447,0.08629626035,0.00340476632,0.09697622060,0.08671677112,0.00184646248,0.09819248318
0.09070488810,0.01195186376,0.04135113954,0.08662739396,0.00018113851,0.00001025199,0.08698135614,0.00015851855,0.00001037120
0.08546403050,0.01304638385,0.02838802337,0.08180359005,0.00001326203,0.00000900030,0.08209419250,0.00001248717,0.00000938773
0.09125977754,0.01006862521,0.02691447734,0.08690798282,0.00018823146,0.00000634789,0.08737552165,0.00016874074,0.00000700354
0.09067139029,0.00775760412,0.03689575195,0.08657404780,0.00017365813,0.03297322988,0.08695626258,0.00015610456,0.03079581260
0.09111863374,0.09864434599,0.10607957839,0.08693450689,0.09355846047,0.07593321800,0.08742472529,0.09451338648,0.07689613103
0.09110167622,0.09832006692,0.10529348254,0.08693200349,0.09345287084,0.07536527514,0.08741849660,0.09426480531,0.10048398375
0.09068727493,0.09461817145,0.02812677621,0.08679547905,0.09088400006,0.02125141024,0.08725079894,0.09074461460,0.01757919788
0.08549478650,0.01238846778,0.02519863843,0.08190292119,0.00000661611,0.01810759305,0.08228206634,0.00000697374,0.01283112168
0.09072351455,0.01205113530,0.10224372148,0.08667451143,0.00000673532,0.07313013076,0.08707100152,0.00000673532,0.09811529517
0.08939212560,0.01286986470,0.10355454683,0.08528834581,0.00000661611,0.07361301779,0.08574235439,0.00000685453,0.09797471761
0.08545964956,0.00771477818,0.10268712043,0.08194726705,0.00000646710,0.07291638851,0.08225297927,0.00000673532,0.07343590259
0.09113159775,0.10050308704,0.04135861992,0.08691236376,0.09459385275,0.03657832741,0.08739629387,0.07108339667,0.03462803363
0.09136301279,0.09992426633,0.03006714582,0.08664613962,0.09344172477,0.02586913108,0.08717915415,0.09251126646,0.02251613140
0.09028580784,0.09916305541,0.02795970439,0.08730900287,0.09276476502,0.02324956655,0.08671933412,0.09165975451,0.01824662089
0.09044638276,0.09504702687,0.02529287338,0.08609679341,0.08961379528,0.01834142208,0.08635598421,0.08854010701,0.01318788528
0.08545333147,0.00282564759,0.02242794632,0.08165413141,0.00000649690,0.01214277744,0.08172634243,0.00000715255,0.00711491703
0.09203231334,0.01311063766,0.03690129518,0.08325234055,0.00000661611,0.03274637460,0.08731967210,0.00000712275,0.03068292140
0.09006798267,0.01286125183,0.02652886509,0.06214487552,0.00000673532,0.02096703648,0.08498886227,0.00000700354,0.01727813482
0.09147876501,0.00327637791,0.02994048595,0.00000548362,0.00000658631,0.02578267455,0.00000560283,0.00000709295,0.02242124080
0.09153828024,0.00771859288,0.10643234848,0.00000548362,0.00000649690,0.07639101147,0.00000572204,0.00000700354,0.07739964127
0.09153187274,0.00344875454,0.10342481732,0.00000548362,0.00000661611,0.07376942038,0.00000557303,0.00000700354,0.07433074712
0.09169539809,0.01079791784,0.10311189293,0.00000500679,0.00000673532,0.07280603051,0.00000548362,0.00000724196,0.09357813000
0.09153819084,0.01267713308,0.10329011082,0.00000524520,0.00000673532,0.07310077548,0.00000548362,0.00000724196,0.07363697886
0.09149336814,0.01303812861,0.10383149981,0.00000536441,0.00000661611,0.07417061924,0.00000572204,0.00000724196,0.07497009634
0.09165897965,0.00417861342,0.10269913077,0.00000524520,0.00000670552,0.07337254285,0.00000533461,0.00000724196,0.09449419379
0.09166288375,0.01571837067,0.10253131389,0.00000524520,0.00000661611,0.07292029261,0.00000536441,0.00000709295,0.09399688243
0.09155800938,0.01264163851,0.10627576708,0.00000548362,0.00000658631,0.07610097527,0.00000548362,0.00000712275,0.10164570808
0.09145373106,0.01197871565,0.10347026586,0.00000548362,0.00000658631,0.07373875379,0.00000560283,0.00000736117,0.09857219457
0.09131222963,0.01285490393,0.10245046019,0.00000724196,0.00000676512,0.07302463054,0.00000712275,0.00000724196,0.09748461842
0.09128719568,0.01018771529,0.10615622997,0.00000876188,0.00000685453,0.07617333531,0.00000900030,0.00000724196,0.07706838846
0.08604037761,0.01769548654,0.10270777344,0.00000670552,0.00000676512,0.07333439588,0.00000700354,0.00000721216,0.09445127844
0.08942660689,0.00344437360,0.10258069634,0.06222215294,0.00000685453,0.07323977351,0.06209251284,0.00000724196,0.09408152103
0.09002918004,0.01195552945,0.10541543364,0.06315541267,0.00000661611,0.07551568746,0.06336516141,0.00000724196,0.07643216848
0.09133028984,0.00431251525,0.10479015111,0.06364539265,0.00000673532,0.07498538494,0.06406512856,0.00000712275,0.07603251934
0.08533701300,0.00363975763,0.10293236374,0.05920335650,0.00000658631,0.07364347577,0.05929633975,0.00000724196,0.07432952523
0.09136822819,0.01254773139,0.10294210910,0.06369972229,0.00000661611,0.07292515039,0.06396365165,0.00000721216,0.07356464862
0.09074819087,0.00238677859,0.10569339990,0.06353577971,0.00000634789,0.07593670487,0.06364354491,0.00000697374,0.07693544030
0.09065309166,0.01532852649,0.10454627871,0.06361287832,0.00000697374,0.07477030158,0.06388920545,0.00000712275,0.09603676199
0.08961197733,0.01205611228,0.10303816199,0.06256172060,0.00000658631,0.07337090373,0.06281626224,0.00000697374,0.07436913251
0.09136003255,0.01265347003,0.10237950086,0.06369873881,0.00000682473,0.07316061854,0.06397902965,0.00000721216,0.07402229309
0.09068915247,0.01284882426,0.10154497623,0.06369337439,0.00000649690,0.07198104262,0.06389215588,0.00000712275,0.09650757908
0.08969229459,0.00344389677,0.10169315338,0.06258407235,0.00000673532,0.07196661829,0.06281700730,0.00000724196,0.09330734610
0.09076261520,0.01540899276,0.10285216569,0.08639261126,0.00000661611,0.07320711016,0.08037996292,0.00000712275,0.09765091538
0.09075209498,0.00986883044,0.10247993469,0.08638390898,0.00000676512,0.07302412390,0.08026951551,0.00000709295,0.09748265147
0.09076097607,0.00375986099,0.10261923074,0.08654874563,0.00000670552,0.07287824153,0.08052361011,0.00000721216,0.09813240170
0.09075632691,0.01077127456,0.10177567601,0.08620491623,0.00000673532,0.07216277718,0.07997429370,0.00000736117,0.09742832183
0.09075626730,0.00408163666,0.10561278462,0.08622398972,0.00000661611,0.09813508391,0.08001810312,0.00000715255,0.00001475214
0.09074363112,0.00283101201,0.10541215538,0.08644884824,0.00000661611,0.09869179129,0.08031585812,0.00000709295,0.00001424551
0.09071978926,0.00419160723,0.10557895898,0.08641076087,0.00000673532,0.09843018651,0.08030524849,0.00000736117,0.00001424551
0.09099221229,0.01426076889,0.10235151648,0.08634972572,0.00000685453,0.09547275304,0.08026027679,0.00000721216,0.00001412630
0.09095439314,0.00282865762,0.10207760334,0.00000500679,0.00000661611,0.09560787677,0.00000497698,0.00000697374,0.00001364946
0.09079661965,0.01739433407,0.10120150446,0.00000476837,0.00000661611,0.09521266818,0.00000497698,0.00000748038,0.00001412630
0.08983674645,0.01201602816,0.10588628053,0.00000500679,0.00000658631,0.07555466890,0.00000476837,0.00000700354,0.10087165236
0.09107202291,0.01021352410,0.10569989681,0.00000473856,0.00000667572,0.09906974434,0.00000476837,0.00000724196,0.10104802250
0.09076035022,0.00344821810,0.10556212067,0.00000500679,0.00000685453,0.09881624579,0.00000500679,0.00000712275,0.10072526335
0.09025511145,0.01201352477,0.10562622547,0.00000452995,0.00000661611,0.09836912155,0.00000476837,0.00000712275,0.10053479671
0.09360384941,0.01221102476,0.10297191143,0.00000497698,0.00000673532,0.09716513752,0.00000473856,0.00000721216,0.09891688823
0.09411549568,0.00716549158,0.10182243585,0.00000476837,0.00000673532,0.09551778435,0.00000488758,0.00000736117,0.09703743457
0.09410506486,0.01414674520,0.10616672039,0.00000500679,0.00000685453,0.07615977525,0.00000500679,0.00000736117,0.10199835896
0.08610945940,0.00771486759,0.10352548956,0.00000500679,0.00000649690,0.09766137599,0.00000476837,0.00000712275,0.09959632158
0.09055003523,0.00376275181,0.10323160886,0.08621820807,0.00000673532,0.09750425815,0.08607065677,0.00000703334,0.09928336739
0.09120470285,0.01104700565,0.10268178582,0.00001135468,0.00000679492,0.07307952642,0.00001260638,0.00000700354,0.09834846854
0.09152337908,0.00344651937,0.10211274027,0.00001135468,0.00000673532,0.07249888777,0.00001272559,0.00000733137,0.09795576333
0.09056314826,0.01576897501,0.10489276051,0.00001135468,0.00000682473,0.07462975382,0.00001263618,0.00000727176,0.10012122988
0.08975005149,0.01023259758,0.10211807489,0.07891872525,0.00000670552,0.09632372856,0.08522894978,0.00000712275,0.09792676568
0.09159445762,0.00410801172,0.10576802492,0.00000736117,0.00000646710,0.07603466510,0.00000759959,0.00000712275,0.10151702165
0.09111696481,0.00283026695,0.10207778215,0.00000938773,0.00000673532,0.09641817212,0.00000962615,0.00000724196,0.09795778989
0.09157064557,0.01819726824,0.10201981663,0.00000721216,0.00000688433,0.09601151943,0.00000759959,0.00000736117,0.09779027104
0.09160462021,0.01741039752,0.10149341821,0.00000724196,0.00000682473,0.07198587059,0.00000759959,0.00000736117,0.09741303324
0.09159824252,0.00344413518,0.10565239191,0.00000694394,0.00000661611,0.07533004879,0.00000748038,0.00000700354,0.10080000758
0.09110891819,0.00345110893,0.10197824239,0.00000911951,0.00000634789,0.07314223051,0.00000923871,0.00000724196,0.09736186265
0.09111291170,0.00327539443,0.03703364729,0.00000900030,0.00000652670,0.03293362259,0.00000923871,0.00000727176,0.03082564473
0.09166201949,0.01817497611,0.10515889525,0.00000721216,0.00014051795,0.09912589192,0.00000759959,0.00013387203,0.10137477517
0.09112888574,0.01511570811,0.03147807717,0.00000900030,0.00548213720,0.00000524520,0.00000920891,0.00009265542,0.00000584125
0.09117600321,0.09829425811,0.03068736195,0.08715111017,0.09280008077,0.00000512599,0.08720201253,0.09502810239,0.00000557303
0.08599841594,0.09988212585,0.10299253463,0.08208966255,0.09542810916,0.09704372286,0.08182913064,0.09532684087,0.09866246581
0.09000951051,0.09895351529,0.10264104604,0.08518087863,0.09292700886,0.09725874662,0.08511465787,0.09488758444,0.09837087988
0.09115612506,0.09477001428,0.10218700766,0.08638501167,0.09022602438,0.09627315402,0.08658480644,0.09201627969,0.09780547022
0.09102615714,0.09440979361,0.10297304391,0.08640038967,0.09034943580,0.09748435020,0.08663240075,0.09060326218,0.09850198030
0.08574983477,0.01624020934,0.10246491432,0.08196946978,0.00006702542,0.09686785936,0.08216580748,0.00006711483,0.09798863530
0.08572131395,0.01425087451,0.10248047113,0.08200848102,0.00001138448,0.09631839394,0.08306393027,0.00001153349,0.09776324033
0.09051573276,0.01266121864,0.10648474097,0.08633422851,0.00000986456,0.00000661611,0.08665096759,0.00000989437,0.00000634789
0.09185039997,0.01241087913,0.10579466819,0.08710134029,0.00000748038,0.00000634789,0.08756738901,0.00000724196,0.00000622868
0.08979460597,0.01292514801,0.10350441932,0.08174213767,0.00000774860,0.00000634789,0.08545547723,0.00000762939,0.00000637769
0.09169125556,0.00773826241,0.10282871127,0.08701795339,0.00000649690,0.00000610947,0.08750829100,0.00000622868,0.00000622868
0.09081137180,0.09943014383,0.10237613320,0.08649635314,0.09384724497,0.00000634789,0.08707961440,0.09489494562,0.00000610947
0.09034717082,0.09915700554,0.03812012076,0.08586075901,0.09331741929,0.00000512599,0.08644273877,0.09456574916,0.00000509619
0.08573129773,0.09869629144,0.10545387864,0.08194568753,0.09319674968,0.10014414787,0.08286377787,0.09365469217,0.07681259512
0.09175100922,0.09534597396,0.10536372661,0.08703961968,0.09016579389,0.09975811839,0.08760848641,0.09072017669,0.07632535696
0.08576488494,0.01322877407,0.10550433397,0.08194443583,0.00000721216,0.09955251216,0.08210685849,0.00000709295,0.07603877782
0.09168198704,0.01431921124,0.02743357419,0.08711314201,0.00000777840,0.00000512599,0.08775934576,0.00000774860,0.00000512599
0.09031763672,0.00885751843,0.02857953310,0.08590474724,0.00000649690,0.00000500679,0.08661770820,0.00000736117,0.00000512599
0.08604604005,0.00844103097,0.02652212977,0.08205807209,0.00000625848,0.00000500679,0.08230978250,0.00000703334,0.00000497698
0.09089612960,0.09880337119,0.02500471472,0.08644539117,0.09400027990,0.00000500679,0.08678036928,0.09528622031,0.00000509619
0.09054610133,0.09817361831,0.10230764746,0.08646500110,0.09446614980,0.09684100747,0.08684298396,0.09419187903,0.07323652505
0.09032022953,0.09865325689,0.03912135958,0.08587580919,0.09360876679,0.03469064831,0.08645233511,0.09473928809,0.03189778327
0.08983445167,0.00161349773,0.03844907879,0.08165964484,0.00000599026,0.03469499945,0.08531638979,0.00000694394,0.03230109810
0.09099811315,0.01088351011,0.10574364662,0.08654624223,0.00000599026,0.09777784347,0.08670374751,0.00000670552,0.10215789079
0.09099724888,0.01207864284,0.10532388091,0.08646470308,0.00000634789,0.09706640243,0.08668339252,0.00000724196,0.10216209292
0.09084841609,0.00983336567,0.10540151596,0.08637410402,0.00000613927,0.09553867578,0.08674788475,0.00000700354,0.07690173387
0.09034878015,0.00885504484,0.10506397485,0.08573237061,0.00000622868,0.09685337543,0.08611688017,0.00000712275,0.07670056819
0.09117704629,0.01084583997,0.03144708275,0.08650490641,0.00000596046,0.02628114819,0.08671826124,0.00000646710,0.02289161086
0.09104824066,0.00981903076,0.03005820512,0.08646440505,0.00000599026,0.02569404244,0.08666303753,0.00000676512,0.02214577794
0.09074413776,0.09903183579,0.10196363925,0.08635261654,0.00000602006,0.09416303038,0.08676239848,0.00000599026,0.09795311093
0.09031352400,0.09872940182,0.10172525048,0.08656397461,0.00000599026,0.09435877203,0.08656662702,0.00000599026,0.07396987080
0.09173625707,0.09530285000,0.10618293285,0.08815851807,0.00000599026,0.09942936897,0.08763435482,0.00000599026,0.10131353139
0.09056925773,0.09467300772,0.10576602816,0.08632558584,0.00000599026,0.00011509656,0.08668276667,0.00000599026,0.09419646859
0.09030836820,0.09469270706,0.10322114825,0.08583998680,0.00000596046,0.00011438131,0.08654922246,0.00000596046,0.09143453836
0.09101071953,0.09884023666,0.10259640216,0.08646613359,0.00000599026,0.09695640206,0.08691760897,0.00000596046,0.09831580519
0.09058949351,0.09566500782,0.10224565863,0.08613026142,0.00000596046,0.00011438131,0.08624178171,0.00000596046,0.09078696370
0.08977001905,0.09977939724,0.10190513730,0.08152166008,0.00000599026,0.09624329209,0.08498436212,0.00000596046,0.09751412272
0.09128886461,0.09907391667,0.10209983587,0.08699044585,0.00000596046,0.09636110067,0.08734273910,0.00000596046,0.09763750433
0.09042692184,0.09878149628,0.10228887200,0.08627119660,0.00000599026,0.09693515300,0.08643200993,0.00000602006,0.09862929582
0.08944749832,0.09890532493,0.10166317224,0.08532163500,0.00000596046,0.09633699059,0.08521354198,0.00000596046,0.09803214669
0.08560290932,0.09564855694,0.10555973649,0.08201864361,0.00000599026,0.00000721216,0.08195248246,0.00000596046,0.00000774860
0.09107911586,0.09465512633,0.10543933510,0.08746540546,0.00000602006,0.09968379139,0.08763107657,0.00000599026,0.10182383656
0.09034049510,0.09808185696,0.10584369301,0.08653801679,0.00000599026,0.09961265325,0.08702856302,0.00000596046,0.10214072465
0.08561673760,0.09902197122,0.02702230215,0.08227625489,0.00000610947,0.00000625848,0.08240780234,0.00000599026,0.00000602006
0.09114959836,0.09502613544,0.02415087819,0.08703950047,0.00000599026,0.00000700354,0.06395974755,0.00000596046,0.00000661611
0.08567664027,0.09915381669,0.10217285156,0.08224123716,0.00000599026,0.09692317247,0.08247497677,0.00000602006,0.09864747524
0.09059527516,0.09840396046,0.10227712988,0.08702865242,0.00000602006,0.09690994024,0.08731290698,0.00000599026,0.07378637790
0.09036090970,0.09823653101,0.10231432318,0.08654078841,0.00000599026,0.09686237573,0.08699935674,0.00000596046,0.09854787588
0.08565351366,0.09405088424,0.10238501429,0.08227264881,0.00000596046,0.09682977199,0.08233821392,0.00000587105,0.09827125072
0.09167784452,0.09639897942,0.10222736001,0.00000986456,0.00000622868,0.09672099351,0.00000965595,0.00000703334,0.09841150045
0.09084412455,0.01174250245,0.04090160131,0.00000986456,0.00000786781,0.00000634789,0.00000971555,0.00000783801,0.00000661611
0.09057450294,0.09933912754,0.02374938130,0.00000974535,0.09437337517,0.00000670552,0.00000971555,0.09545710682,0.00000661611
0.09150573611,0.09602349996,0.02686887979,0.00000500679,0.09113952517,0.00000622868,0.00000500679,0.09148380160,0.00000613927
0.09157708287,0.09566923975,0.02370300889,0.00000500679,0.09088963270,0.00000673532,0.00000488758,0.09141674637,0.00000658631
0.09156435728,0.09528064727,0.02697306871,0.00000497698,0.09059524536,0.00000646710,0.00000500679,0.09136939048,0.00000646710
0.09157490730,0.09473395347,0.02420008182,0.00000500679,0.08976638317,0.00000646710,0.00000500679,0.09019005298,0.00000646710
0.09154802560,0.00323286652,0.02366015315,0.00000500679,0.00000709295,0.00000682473,0.00000500679,0.00000736117,0.00000625848
0.09153988957,0.00323152542,0.10600510239,0.00000500679,0.00000697374,0.09911060333,0.00000500679,0.00000697374,0.10078477859
0.09159478545,0.00482210516,0.10428664088,0.00000500679,0.00000599026,0.07397735118,0.00000497698,0.00000602006,0.07470875978
0.09157600998,0.00035402178,0.10265713930,0.00000497698,0.00000560283,0.09632548689,0.00000500679,0.00000599026,0.09768760204
0.09154224395,0.01192152500,0.10384708642,0.00000500679,0.00000572204,0.07359105348,0.00000500679,0.00000599026,0.09926965832
0.09162089228,0.00035426020,0.10357034206,0.00000500679,0.00000548362,0.07348710298,0.00000500679,0.00000596046,0.09512466192
0.09157299995,0.01429489254,0.10258352756,0.00000500679,0.00000622868,0.07285973429,0.00000500679,0.00000625848,0.09432178735
0.09125727415,0.01305389404,0.10607713460,0.00000771880,0.00000575184,0.07587647438,0.00000837445,0.00000572204,0.10153734683
0.09087049961,0.00913897156,0.10560578107,0.08605453372,0.00000536441,0.07541105151,0.08625754714,0.00000587105,0.10114499926
0.09059491753,0.09895136952,0.10267600417,0.00000798702,0.09478199481,0.07282999157,0.00000849366,0.09563937783,0.09814575314
0.09038287401,0.09925615787,0.10605654120,0.00000795722,0.09440398216,0.07582727074,0.00000864267,0.09542411565,0.10148945450
0.09099507331,0.09843036532,0.10603600740,0.06322082877,0.09333530068,0.09923514723,0.06297987699,0.09418433904,0.10118001699
0.09032475948,0.00892600417,0.10433423519,0.06241846084,0.00000610947,0.07409977912,0.06249311566,0.00000599026,0.07494843006
0.08998823165,0.00855323672,0.10347113013,0.06221640110,0.00000625848,0.07359048724,0.06187650561,0.00000661611,0.07429003715
0.08597317337,0.01105526089,0.10577428340,0.05891546607,0.00000673532,0.07571759819,0.05866298079,0.00000688433,0.07662928104
0.09097293019,0.01006180047,0.10605579614,0.08716946840,0.00000661611,0.09925121068,0.08730965852,0.00000661611,0.10117173194
0.09066176414,0.09938126802,0.10252836346,0.08662372827,0.00000485777,0.07283315062,0.08666774630,0.00000470876,0.09397962689
0.08999741077,0.09846341609,0.10266032814,0.08593288064,0.00000488758,0.09646955132,0.08553627133,0.00000488758,0.09811374545
0.08576679229,0.09576776623,0.10216140747,0.08224666118,0.00000473856,0.07248023152,0.08192121982,0.00000500679,0.09781488776
0.09186986088,0.09496787190,0.10532471537,0.06356412172,0.00000488758,0.09866684675,0.08706298470,0.00000452995,0.10106930136
0.09025338292,0.09463217854,0.10358452796,0.08621504902,0.00000488758,0.09741365909,0.08682274818,0.00000488758,0.09880375862
0.08606624603,0.09533748030,0.10348585247,0.08224582672,0.00000470876,0.09725695848,0.08231773972,0.00000485777,0.09882771968
0.09107476472,0.09883949160,0.10383680462,0.08670493960,0.08668664097,0.07360747456,0.08709490299,0.08685752749,0.09926962852
0.09099695086,0.09854844212,0.10318258404,0.08657577633,0.09346991777,0.07326954603,0.08697414398,0.09462210536,0.09863799810
0.08613157272,0.09833589196,0.10577964782,0.08219319581,0.09356558322,0.07551026344,0.08227491378,0.09462335705,0.09732636809
0.09111058712,0.09604886174,0.10314625501,0.08672413229,0.00010824203,0.07314237952,0.08706200122,0.09184965491,0.09838271141
0.09058338403,0.09566119313,0.10326677560,0.08669233322,0.08378475904,0.07325759530,0.08746984601,0.08392429351,0.07397472858
0.08609360456,0.09515124559,0.10318124294,0.08213612437,0.09048503637,0.07317173480,0.08228063583,0.09057405591,0.09451925754
0.09027147293,0.01083314418,0.10308271646,0.08576336503,0.00000646710,0.09638741612,0.08573937416,0.00000673532,0.09775799512
0.09181797504,0.01193225383,0.10501363873,0.08685767650,0.00000661611,0.09567409753,0.06357198953,0.00000673532,0.00014275312
0.09062471985,0.01427796483,0.10487365722,0.00000599026,0.00000721216,0.09525671601,0.00000649690,0.00000721216,0.00016632676
0.09059652686,0.01189640164,0.10429283976,0.00000596046,0.00000649690,0.09484323859,0.00000649690,0.00000646710,0.09630635380
0.09030258655,0.00979876518,0.10287636518,0.00000572204,0.00000661611,0.09361681342,0.00000625848,0.00000673532,0.00016623735
0.08981615304,0.01492762565,0.10485798120,0.08521130681,0.00000712275,0.09561511874,0.08543902635,0.00000709295,0.09735870361
0.09124219417,0.01486900448,0.10293573141,0.00000599026,0.00000700354,0.09440827369,0.00000646710,0.00000700354,0.00014725327
0.09068563580,0.01240950822,0.10222572088,0.00000602006,0.00000661611,0.09290513396,0.00000637769,0.00000661611,0.00017249584
0.09029263257,0.01492840051,0.10238093137,0.00000596046,0.00000697374,0.09339627623,0.00000634789,0.00000712275,0.09503534436
0.09106531739,0.01072514057,0.10200759768,0.08617651462,0.00000673532,0.09315040707,0.08305811882,0.00000661611,0.00015059113
0.09079039096,0.00982001423,0.10168153047,0.08757877349,0.00000622868,0.09276205301,0.08670175075,0.00000646710,0.09378877282
0.09037545323,0.00982370972,0.10128563642,0.08625140786,0.00000610947,0.09258311986,0.08625653386,0.00000649690,0.09367600083
0.09014177322,0.00859990715,0.10489165782,0.08582636713,0.00000646710,0.09547480940,0.08586794137,0.00000634789,0.00017163157
0.09121558070,0.01493826508,0.10201925039,0.08692717552,0.00000697374,0.09302103519,0.08720523118,0.00000697374,0.00014650821
0.08952841162,0.09743019938,0.10429623723,0.06234252452,0.00001725554,0.09493514895,0.08546540141,0.00001698732,0.09647703170
0.09011641144,0.01014545559,0.10287186503,0.08603179454,0.00000488758,0.09371161460,0.08628711104,0.00000500679,0.00016462802
0.09060329198,0.10031285881,0.10259211063,0.08662104606,0.00000724196,0.09357100725,0.08737799525,0.00000736117,0.00014126300
0.09123817086,0.09918910264,0.10156261920,0.08718436956,0.00000712275,0.09322023391,0.08764177560,0.00000733137,0.09365582466
0.08947727084,0.09596613049,0.10185298323,0.06224149465,0.00000473856,0.09262123703,0.08527791500,0.00000488758,0.09364619851
0.09012326598,0.00418439507,0.10540837049,0.08602154254,0.00000461935,0.09577962756,0.08634611964,0.00000470876,0.00016501545
0.09152331948,0.01414349675,0.10216379165,0.08039563894,0.00000452995,0.09317785501,0.08667972683,0.00000464916,0.09432551264
0.09186559915,0.01308602094,0.10175573825,0.08010852336,0.00000473856,0.09299638867,0.08687910437,0.00000461935,0.09412136673
0.09111952781,0.01086539030,0.10189408063,0.08629512786,0.00000488758,0.09265395998,0.08641174435,0.00000476837,0.09360817074
0.09009876847,0.00417938828,0.10574671626,0.08594182133,0.00000488758,0.09652951359,0.08635526895,0.00000485777,0.00014162063
0.09134170413,0.01540675759,0.10508146882,0.08711650967,0.00000500679,0.09572008252,0.08753448724,0.00000536441,0.09778085350
0.09094676375,0.09902337193,0.10474038124,0.08585911989,0.00009536743,0.09577098488,0.08622336387,0.00000524520,0.09750753641
0.08980435132,0.09957551956,0.10539174079,0.08527350425,0.07018637657,0.09573510289,0.08549749851,0.09480285644,0.00016513466
0.08562591671,0.00179475545,0.10516688227,0.08187416195,0.00000527501,0.09538108110,0.08197075128,0.00000536441,0.00016486644
0.09204161167,0.09632188081,0.10180145502,0.08655327558,0.09104138612,0.09278863668,0.08691081404,0.00000575184,0.09466725587
0.08560445904,0.09482434391,0.10203129053,0.08190092444,0.00000512599,0.09291234612,0.08195030689,0.00000500679,0.00014948844
0.09119650721,0.00179767608,0.10472625494,0.08643826842,0.00000524520,0.09882560372,0.08685475587,0.00000536441,0.10373812913
0.09014609456,0.01602903008,0.10403275489,0.08587124943,0.00000500679,0.09204062819,0.08617603778,0.00000548362,0.10262560844
0.08980926871,0.00342577695,0.02714723348,0.08523634076,0.00000500679,0.02150413393,0.08547350764,0.00000521540,0.01626262068
0.08561462163,0.00322788953,0.02698299288,0.08189725875,0.00000500679,0.00000926852,0.08201000094,0.00000524520,0.00001049041
0.09129533171,0.01527971029,0.10233190655,0.08703804016,0.00000512599,0.09626722335,0.08760780096,0.00000524520,0.10099178552
0.09140652418,0.01425537467,0.10179498791,0.08706185221,0.00000524520,0.08951193094,0.08757129311,0.00000536441,0.09967863559
0.08563175797,0.01207062602,0.04122000932,0.08187901973,0.00000512599,0.03649759292,0.08199098706,0.00000524520,0.03461721539
0.08980327844,0.01081585884,0.02806559205,0.08538249135,0.00000512599,0.00000974535,0.08579063415,0.00000524520,0.00001052021
0.09180203080,0.01019901037,0.02519214153,0.08662030100,0.00000500679,0.01822763681,0.08700224757,0.00000524520,0.01311942934
0.09103992581,0.00911852717,0.02790644764,0.08689376711,0.00000521540,0.00000900030,0.08719888329,0.00000536441,0.00000986456
0.08559939265,0.09924438595,0.10513859987,0.08197835087,0.09477892518,0.00000500679,0.08212655782,0.07159173488,0.00000500679
0.09131264686,0.09853509068,0.10503450036,0.08703461289,0.09383249282,0.00000500679,0.08752700686,0.00000599026,0.00000470876
0.09009405970,0.09858053922,0.03030648827,0.08588731288,0.09385979175,0.00000450015,0.08621537685,0.09424358606,0.00000473856
0.08978560566,0.09860718250,0.02845063805,0.08526742458,0.00000759959,0.00000476837,0.08550140261,0.00000825524,0.00000476837
0.09105995297,0.09811884164,0.10506853461,0.08663332462,0.09335052967,0.00000497698,0.08673927187,0.00000596046,0.00000441074
0.09048932790,0.09540528059,0.10480263829,0.08631950616,0.09091180562,0.00000497698,0.08628979325,0.09129714965,0.00000500679
0.09008860588,0.09512877464,0.10152798891,0.08571141958,0.06645554304,0.00000500679,0.08585026860,0.00000849366,0.00000497698
0.09103539586,0.01089552044,0.02840986847,0.08664590120,0.00014936923,0.00000473856,0.08675590157,0.00000622868,0.00000476837
0.09013876318,0.01075249910,0.02749738097,0.08570465445,0.00014775991,0.00000461935,0.08590388298,0.00000634789,0.00000473856
0.09104549884,0.01265302300,0.10482957959,0.08691349625,0.00013822317,0.00000622868,0.08671209216,0.00000625848,0.00000625848
0.09049361944,0.09775465726,0.10605964064,0.08630660176,0.00000548362,0.00000610947,0.08628419041,0.00000536441,0.00000631809
0.08982884883,0.09593436121,0.10444635152,0.08514028787,0.00000548362,0.00000602006,0.08517321944,0.00000548362,0.00000602006
0.09009274840,0.09462377429,0.02810066938,0.08593660593,0.00000524520,0.00000536441,0.08630740642,0.00000536441,0.00000524520
0.08564451336,0.10049325227,0.10374912619,0.08190765976,0.00000485777,0.00000599026,0.08201980590,0.00000473856,0.00000622868
0.09053614735,0.09946364164,0.10120594501,0.08625051379,0.00000500679,0.00000602006,0.08686709403,0.00000497698,0.00000613927
0.09031882882,0.09963470697,0.02803826332,0.08584761619,0.00000464916,0.00000536441,0.08627903461,0.00000470876,0.00000548362
0.08563163876,0.09915950894,0.02746352553,0.08195015788,0.00000488758,0.00000536441,0.08200970292,0.00000488758,0.00000548362
0.09013938903,0.01528161764,0.02686610817,0.08568593859,0.00000500679,0.00000548362,0.08581310510,0.00000500679,0.00000536441
0.09129804372,0.01431173086,0.10544410347,0.08683663606,0.00000524520,0.09971687197,0.08722412586,0.00000548362,0.10196262598
0.09103411436,0.01298639178,0.10582825541,0.08663287758,0.00000622868,0.07595720887,0.08739399909,0.00000560283,0.10235911607
0.09045508503,0.09953022003,0.10468903183,0.08622729778,0.09383633732,0.09916803240,0.08625009655,0.09520727396,0.10096654295
0.09132161736,0.09920999407,0.10257610678,0.08683660626,0.07056686282,0.09696838259,0.08713147044,0.09452894330,0.09834894537
0.09089672565,0.00233137607,0.10284438729,0.08568769693,0.00000524520,0.09365037083,0.08585539460,0.00000536441,0.09897327423
0.09128940105,0.09491187334,0.10274010896,0.08690974116,0.09077325463,0.07300263643,0.08715921640,0.09096410870,0.09869065880
0.09052249789,0.09642106294,0.10226508975,0.08624464273,0.06688424944,0.09685632586,0.08621773123,0.09033617377,0.09807986021
0.09007701277,0.09732505679,0.10187399387,0.08571171760,0.08945888280,0.09655660390,0.08583575487,0.08922976255,0.09795174002
0.09125027060,0.00389763712,0.10162600874,0.08688664436,0.00000622868,0.09647884964,0.08716145157,0.00000572204,0.09807866811
0.09051498770,0.09872314333,0.10320308804,0.08620589971,0.09374111890,0.09768599271,0.08624300360,0.09437206387,0.09950923919
0.09138086438,0.09911987185,0.10599535703,0.08628013730,0.09302183985,0.00010499358,0.08673316240,0.09387928247,0.00007411837
0.09015923738,0.09645918011,0.10564377903,0.00000822544,0.09115350246,0.00010487437,0.00000548362,0.09166190028,0.00007396936
0.08613821864,0.09600651264,0.10527801513,0.00000801682,0.09098422527,0.00007361173,0.00000521540,0.09133002161,0.00007408857
0.09081473946,0.09537360072,0.10242658853,0.00001209974,0.09094887971,0.00010445713,0.00001198053,0.09109339118,0.00007399916
0.09152987599,0.09524640440,0.10244286060,0.08711907267,0.09008070826,0.00007361173,0.00003337860,0.09033447504,0.00007399916
0.09128037095,0.10009378194,0.10187396407,0.08685547113,0.07073354721,0.00007334351,0.08681216835,0.09541526436,0.00007358193
0.09120926260,0.09930041432,0.10244590044,0.08667466044,0.07021462917,0.00007358193,0.08694139122,0.09486496448,0.00007358193
0.09016397595,0.09892678260,0.10157170891,0.08545348048,0.09335845708,0.00007349252,0.08527615666,0.09480834007,0.00007387995
0.09127134084,0.09857648611,0.10244169831,0.08676609396,0.09265953302,0.00008699297,0.08693388104,0.09371739625,0.09787315130
0.09017071127,0.09461760520,0.10650026798,0.08544147014,0.08933448791,0.09980291128,0.08531963825,0.09028893709,0.10177135467
0.09039351344,0.09940704703,0.10603174567,0.08629724383,0.07043239474,0.07585054636,0.08684813976,0.09569674730,0.10144865512
0.09183457493,0.09885177016,0.10581085085,0.08715215325,0.07001999020,0.07609376311,0.06395834684,0.09458813071,0.10118612647
0.09081438183,0.09578239917,0.10598358511,0.08644914627,0.09031951427,0.09960132837,0.08687087893,0.09143379330,0.10146924853
0.09045004844,0.10027432441,0.10591000318,0.08623376488,0.09489375352,0.09865474700,0.08672246336,0.09617885947,0.10043388605
0.09010547399,0.09579417109,0.10196745395,0.08565419912,0.06704390048,0.00000634789,0.08570313453,0.09222847223,0.00000709295
0.09131565690,0.09935408830,0.10158088803,0.08701997995,0.07025623321,0.09566774964,0.08720976114,0.09530228376,0.09650573134
0.09045022726,0.09909069538,0.04081436991,0.08623763918,0.06991440057,0.00000607967,0.08678039908,0.09502965211,0.00000610947
0.08604606986,0.09942546486,0.10569649934,0.08215829730,0.07032537460,0.00000727176,0.08227053284,0.09550300240,0.00000709295
0.09037125110,0.09818899631,0.10559672117,0.08620083332,0.09230023622,0.00000801682,0.08668872714,0.09362304210,0.00000810623
0.09188088774,0.09967908263,0.03144234418,0.08711874485,0.09375298023,0.00000587105,0.06394082307,0.09488540887,0.00000572204
0.09185600280,0.09625047445,0.02808949351,0.08713254332,0.09029725193,0.00000560283,0.06401246786,0.09094625711,0.00000575184
0.08598905801,0.09560742974,0.02683326601,0.08214825391,0.08942121267,0.00000578165,0.08225828409,0.09006223082,0.00000557303
0.09070003032,0.09517201781,0.02496373653,0.08676275610,0.08931717276,0.00000602006,0.08720287680,0.08967539668,0.00000599026
0.08601865172,0.01432502269,0.10248798131,0.08212921023,0.00000536441,0.00000813603,0.08227267861,0.00000646710,0.00000810623
0.09040209650,0.01578328013,0.10262066125,0.08624657988,0.00570049881,0.00000798702,0.08678334951,0.00115811824,0.00000798702
0.08599999547,0.01000049710,0.10646525025,0.08211410045,0.00000649690,0.09955665469,0.08227798342,0.00000697374,0.10275921225
0.09133613109,0.00414839386,0.10559785366,0.08716830611,0.00000926852,0.09911200404,0.08765676617,0.00000959634,0.10090240836
0.09129464626,0.00421363115,0.03080141544,0.08709812164,0.00007164478,0.02566778659,0.08749425411,0.00005686283,0.02265658974
0.09038478136,0.00254362821,0.10356724262,0.08629119396,0.00000786781,0.09646210074,0.08678904175,0.00000837445,0.09844490885
0.08604401350,0.00339612364,0.10316738486,0.08221304416,0.00007012486,0.09654447436,0.08231750130,0.00004512071,0.09884527325
0.09131836891,0.09346240758,0.10252538323,0.08704322576,0.08936598896,0.09642678499,0.08738473057,0.08991864323,0.09756439924
0.08600363135,0.01495134830,0.10269311070,0.08223837614,0.00577089190,0.00000661611,0.08237576484,0.00184988975,0.09342575073
0.09128677845,0.00358325242,0.02753636240,0.08692821860,0.00009122490,0.00001126527,0.08716335892,0.00004675984,0.00001099705
0.09041124582,0.01483428478,0.02807763218,0.08629059791,0.00547999143,0.02193972468,0.08671778440,0.00013363361,0.01797723770
0.09186911582,0.01334607601,0.02375262975,0.08699548244,0.00482085347,0.01800951361,0.06373310089,0.00096562504,0.01165729761
0.09131950139,0.00341612100,0.04067084193,0.08681926131,0.00008586049,0.03726950287,0.08707848191,0.00004628300,0.03543239831
0.09208023548,0.00118213891,0.02840349078,0.00000536441,0.00017547607,0.02133998274,0.00000613927,0.00007250905,0.00001287460
0.08607900142,0.00325188040,0.02822160720,0.00000512599,0.00006034970,0.00001123547,0.00000602006,0.00000700354,0.00001198053
0.09114950895,0.00213199853,0.02692762017,0.00000536441,0.00005200505,0.00001639127,0.00000610947,0.00004473328,0.00001683831
0.09004262089,0.01314628124,0.03892636299,0.00000524520,0.00413459539,0.03464749455,0.00000613927,0.00000762939,0.03238150477
0.09099498391,0.00886437296,0.02526703476,0.00000512599,0.00000673532,0.00009003281,0.00000599026,0.00000709295,0.00008609890
0.09094905853,0.01249349117,0.10603675246,0.00000509619,0.00000649690,0.00001111626,0.00000602006,0.00000724196,0.00001072883
0.09168568253,0.00357949733,0.10560244321,0.00000536441,0.00007039308,0.00001096725,0.00000610947,0.00004577636,0.00001087784
0.09093335270,0.00069901347,0.10600325465,0.00000536441,0.00000599026,0.00001072883,0.00000602006,0.00000634789,0.00001072883
0.08609482645,0.10291215777,0.10518550872,0.00000524520,0.00002676248,0.00001072883,0.00000596046,0.00000473856,0.00001087784
0.09090763330,0.09798446297,0.02998134493,0.08347341418,0.00002524256,0.00000634789,0.06328377127,0.00000450015,0.00000631809
0.08962526917,0.09982839226,0.02423912286,0.08532172441,0.00002562999,0.00000661611,0.00000438094,0.00000461935,0.00000664591
0.09126958250,0.09958624839,0.10365861654,0.00000557303,0.00002524256,0.00001037120,0.00000450015,0.00000461935,0.00001049041
0.09118148684,0.09532392024,0.10244962573,0.00000536441,0.00002539157,0.00001037120,0.00000461935,0.00000461935,0.00001049041
0.08997055888,0.10027286410,0.10266801714,0.08559986948,0.08800059556,0.00001060962,0.00000450015,0.00000461935,0.00001063942
0.08994922041,0.09977540373,0.10622403025,0.08569917082,0.00002664327,0.09306442737,0.00000476837,0.00000461935,0.10153964161
0.08991765975,0.09533450007,0.10582625865,0.08569717407,0.00002473592,0.09262648224,0.00000476837,0.00000435113,0.10010477900
0.08963370323,0.09608098864,0.10497751832,0.08537036180,0.00002512335,0.09201413393,0.00000476837,0.00000461935,0.09987610578
0.09122335910,0.09630194306,0.10216459631,0.00000557303,0.00066649913,0.08949387073,0.00000476837,0.00000685453,0.09706926345
0.08994102478,0.09617117047,0.10288432240,0.08564102649,0.00066512823,0.09070822596,0.00000461935,0.00000670552,0.09862524271
0.08994141221,0.09484368562,0.10318198800,0.08557227253,0.00066712498,0.09052404761,0.00000450015,0.00000685453,0.09764587879
0.08963903784,0.09881985187,0.10325366258,0.08515325188,0.00067690014,0.09056252241,0.00000461935,0.00006213784,0.09871709346
0.09103089570,0.09912711381,0.10296377539,0.08435893058,0.00066512823,0.09023404121,0.08494800329,0.00000661611,0.09747320413
0.09098237752,0.09894463419,0.10212102532,0.08435142040,0.00066670775,0.08965650200,0.08487987518,0.00000646710,0.09693276882
0.09102624654,0.09951627254,0.10257637500,0.08438321948,0.00066545605,0.09028270840,0.08482927083,0.00000658631,0.09836852550
0.09105235338,0.09953522682,0.10300666093,0.08427092432,0.00066512823,0.09028577804,0.08481860160,0.00000670552,0.09745374321
0.09101167321,0.09906184673,0.10604918003,0.08436566591,0.00066536664,0.09343060851,0.08501937985,0.00000658631,0.10187867283
0.09099876880,0.01838162541,0.10280993580,0.08433327078,0.00000473856,0.09047064185,0.08485800027,0.00000464916,0.09846496582
0.09102648496,0.01262539625,0.10559934377,0.08415037393,0.00000473856,0.09259134531,0.08448514342,0.00000473856,0.10063335299
0.09104213118,0.09978899359,0.10226351022,0.08414334058,0.00000500679,0.08968663215,0.08451449871,0.00000500679,0.09712061285
0.08970281481,0.09957146644,0.10589313507,0.08593803644,0.00000494718,0.09279102087,0.08561888337,0.00000488758,0.10074371099
0.08923056721,0.09817913174,0.10196930170,0.08538413047,0.00000497698,0.08946502208,0.08507120609,0.00000473856,0.09706899523
0.08982998132,0.09508886933,0.10137093067,0.08658841252,0.00000497698,0.08897721767,0.08687648177,0.00000497698,0.09601810574
0.08970549702,0.09425514936,0.10620924830,0.08626171946,0.00000500679,0.09332412481,0.08614990115,0.00000488758,0.10193350911
0.08923447132,0.01466986536,0.10301837325,0.08562752604,0.00000450015,0.09027588367,0.08562523126,0.00000464916,0.09740710258
0.09052163362,0.00482895970,0.10628476738,0.08688163757,0.00000488758,0.09323483705,0.08701542019,0.00000476837,0.10163733363
0.08972859382,0.01083552837,0.10556638240,0.08620601892,0.00000485777,0.09275600314,0.08610910177,0.00000485777,0.10076251626
0.08539846539,0.10014849901,0.10529351234,0.08197769522,0.09427112340,0.09239202737,0.08176964521,0.09468010067,0.10069602727
0.09111350774,0.09916576743,0.10232993960,0.08759713172,0.09389552474,0.08969956636,0.08756911754,0.00000500679,0.09656149148
0.09069812297,0.09734171628,0.10243064165,0.08688324689,0.09059670567,0.09014523029,0.08694174885,0.00000500679,0.09783938527
0.08538627624,0.09616500139,0.10164368152,0.08194786310,0.09078064560,0.08909049630,0.08179584145,0.09115627408,0.09600624442
0.08972647786,0.09345227479,0.10136795043,0.08620682358,0.00001299381,0.08885154128,0.08602708578,0.00000500679,0.09549713134
0.08920776844,0.09819665551,0.10634949803,0.08592787384,0.09359157085,0.09355300664,0.08550003170,0.00000512599,0.10177659988
0.08540165424,0.09443157911,0.10569310188,0.08195561170,0.08899927139,0.09292849898,0.08177050948,0.00000500679,0.10087046027
0.08986517786,0.09524574875,0.10562452673,0.08656752109,0.09055289626,0.09250250458,0.08681046962,0.09110775589,0.10043722391
0.08920839428,0.09897163510,0.10347437858,0.08558613061,0.09404572844,0.09098449349,0.08554098010,0.09465748071,0.09872823953
0.08976903557,0.09516286849,0.10278877615,0.08616763353,0.09056198596,0.09047564864,0.08598402142,0.00000524520,0.09834992885
0.09106951951,0.10042703151,0.10170263051,0.08749288320,0.09416264295,0.08942732214,0.08748251199,0.09531372785,0.09700563549
0.09049823880,0.09901848435,0.10559859871,0.08686783909,0.00000560283,0.09270894527,0.08774632215,0.00000509619,0.10078349709
0.08923360705,0.09649980068,0.10579946637,0.08554908633,0.00000536441,0.09299126267,0.08548581600,0.00000500679,0.10136193037
0.08537441492,0.09938788414,0.10496288537,0.08191460371,0.00000536441,0.09209847450,0.08171951770,0.00000452995,0.09986916184
0.09153389930,0.09848150610,0.10293301939,0.00000885128,0.00000548362,0.09040862321,0.00000989437,0.00000461935,0.09831750392
0.09022095799,0.09819716215,0.10283246636,0.00000888109,0.00000560283,0.09036698937,0.00000962615,0.00000450015,0.09813469648
0.08972749114,0.09806987643,0.10215109586,0.00000900030,0.00000569224,0.08956626057,0.00000974535,0.00000461935,0.09715825319
0.09021186828,0.09445965290,0.10578286647,0.00000885128,0.00000548362,0.09319075942,0.00000962615,0.00000438094,0.10177052021
0.09098604321,0.09761250019,0.10358628630,0.00000900030,0.00000557303,0.09114786982,0.00000974535,0.00000450015,0.09940862655
0.09055101871,0.09900045394,0.10223338007,0.00000900030,0.00000560283,0.09036993980,0.00000962615,0.00000473856,0.09718349575
0.09211510419,0.09940102696,0.10248351097,0.00000950694,0.00000560283,0.09014165401,0.00001037120,0.00000464916,0.09749749302
0.09063386917,0.09946101903,0.10570484399,0.00000900030,0.00000548362,0.09281012415,0.00000974535,0.00000476837,0.10118433833
0.09212610125,0.09846219420,0.10246768593,0.00000950694,0.00000524520,0.08997374773,0.00001013278,0.00000476837,0.09707254171
0.08594274520,0.09464105963,0.10213580727,0.00000864267,0.00000536441,0.09029278159,0.00000935792,0.00000476837,0.09751027822
0.09212955832,0.09847852587,0.10628712177,0.08670583367,0.00000536441,0.09319475293,0.08675190806,0.00000464916,0.10150587558
0.09115001559,0.09792235493,0.10516202449,0.00000521540,0.00000548362,0.09211456775,0.00000596046,0.00000450015,0.10030469298
0.09030446410,0.09758198261,0.10212588310,0.00000509619,0.00000548362,0.08950579166,0.00000596046,0.00000461935,0.09649649262
0.09035700559,0.09428966045,0.10286563634,0.00000500679,0.00000548362,0.09056675434,0.00000587105,0.00000461935,0.09815463423
0.09117352962,0.09908524155,0.10191133618,0.00000512599,0.00000536441,0.08921536803,0.00000572204,0.00000438094,0.09620425105
0.08588740229,0.09761938452,0.10578957200,0.00000500679,0.00000572204,0.09296694397,0.00000599026,0.00000450015,0.10131937265
0.09044137597,0.09965410828,0.10562068223,0.00000497698,0.00000548362,0.09248286485,0.00000596046,0.00000458955,0.10034817457
0.09031915664,0.09840521216,0.10361024737,0.00000500679,0.00000548362,0.09135225415,0.00000596046,0.00000438094,0.09917286038
0.09046632051,0.09778329730,0.10257166624,0.00000500679,0.00000572204,0.09012690186,0.00000596046,0.00000461935,0.09802302718
0.09211364388,0.09398570656,0.10213336348,0.08701524138,0.00000536441,0.08976650238,0.08714044094,0.00000473856,0.09756463766
0.09067147970,0.09562835097,0.10477590560,0.00000512599,0.00000545382,0.09183162450,0.00000599026,0.00000473856,0.09929484128
0.08584982156,0.09493389725,0.10301324725,0.00000512599,0.00000548362,0.09036329388,0.00000599026,0.00000450015,0.09827822446
0.09114119410,0.09832978248,0.10246726870,0.00000509619,0.00000560283,0.09014284610,0.00000599026,0.00000461935,0.09792387485
0.08985784649,0.09905263781,0.10163167119,0.00000494718,0.00000548362,0.08934164047,0.00000596046,0.00000450015,0.09695750474
0.08588474988,0.09816831350,0.10640284419,0.00000512599,0.00000548362,0.09350383281,0.00000596046,0.00000461935,0.10171699523
0.09033960103,0.09873771667,0.10642299056,0.00000500679,0.00000536441,0.09283015131,0.00000584125,0.00000450015,0.10104301571
0.08585235476,0.09821900725,0.10570740699,0.00000500679,0.00000560283,0.09269765019,0.00000599026,0.00000452995,0.10080400109
0.09063223004,0.09611040353,0.10283327102,0.00000512599,0.00000548362,0.09033301472,0.00000596046,0.00000450015,0.09812927246
0.08633983135,0.09484902024,0.10223951935,0.00000500679,0.00000536441,0.08964702486,0.00000599026,0.00000450015,0.09670704603
0.08601364493,0.09435135126,0.10226964950,0.00000500679,0.00000536441,0.08964127302,0.00000596046,0.00000450015,0.09615567326
0.09064435958,0.09333503246,0.10556897521,0.00000524520,0.00000560283,0.07604688405,0.00000596046,0.00000476837,0.10226953029
0.09108519554,0.09875765442,0.10527884960,0.00000524520,0.00000548362,0.07597297430,0.00000548362,0.00000476837,0.10221669077
0.09147489070,0.09914654493,0.10464084148,0.00000476837,0.00000572204,0.09895634651,0.00000476837,0.00000461935,0.10182598233
0.09130337834,0.09807628393,0.02837991714,0.08649948239,0.00000548362,0.02276796102,0.08691868185,0.00000461935,0.02003109455
0.09106051921,0.09787586331,0.02694147825,0.08613762259,0.00000548362,0.01952841877,0.08615186810,0.00000473856,0.01276752352
0.09086909890,0.09543463587,0.02374371886,0.08615550398,0.00000548362,0.00000688433,0.08635246753,0.00000473856,0.00000661611
0.09022483229,0.09431484341,0.10276424884,0.08561304211,0.00000536441,0.09777835011,0.08571091294,0.00000447034,0.10007911920
0.09007528424,0.09893175959,0.10279563069,0.08481904864,0.00000548362,0.09751012921,0.08469602465,0.00000450015,0.09964275360
0.09148821234,0.09829986095,0.10135874152,0.08668547868,0.00000545382,0.09597125649,0.08669963479,0.00000461935,0.09772446751
0.09060811996,0.09815150499,0.03805780410,0.08609074354,0.00000548362,0.03278225660,0.08621677756,0.00000461935,0.00005388259
0.09168863296,0.09466823935,0.10529953241,0.06333810091,0.00000536441,0.00007665157,0.08714446425,0.00000461935,0.10063901543
0.09096303582,0.09494304656,0.10492601990,0.06309786438,0.00000548362,0.00007677078,0.08651986718,0.00000438094,0.09990951418
0.09218174219,0.09971100091,0.02841138839,0.08695486187,0.00000524520,0.02129077911,0.08800286054,0.00000473856,0.00003662705
0.09111315011,0.09850940108,0.02994653582,0.08608248829,0.00000560283,0.00008738040,0.08263367414,0.00000450015,0.00002387166
0.09105363488,0.09831377863,0.10325327515,0.08580997586,0.00000548362,0.00008702278,0.08603873848,0.00000450015,0.09800297021
0.09112215042,0.09763640165,0.10276374220,0.08633425831,0.00000548362,0.00007662177,0.08307337760,0.00000461935,0.09767082333
0.09011518955,0.09846064448,0.10283350944,0.08551675081,0.00000536441,0.00008699297,0.08574223518,0.00000473856,0.09710812568
0.09172978997,0.09855973720,0.03854659199,0.08674210309,0.00000548362,0.03468760848,0.08716973662,0.00000461935,0.00005075335
0.09218719601,0.09518441557,0.02709403634,0.08717700839,0.00000524520,0.00007373094,0.08780387043,0.00000473856,0.00006198883
0.09104228019,0.09934335947,0.02754536271,0.08606547117,0.00000548362,0.02177980542,0.08643239736,0.00000423192,0.00003999471
0.09170079231,0.09934324026,0.03690773248,0.08676040172,0.00000548362,0.03292202949,0.08710095286,0.00000458955,0.03110423684
0.09163358807,0.09906837344,0.02369943261,0.08698284626,0.00000536441,0.00004738569,0.08719620108,0.00000435113,0.00003662705
0.08610364794,0.09752178192,0.02828940749,0.08199873566,0.00000560283,0.02149352431,0.08213227987,0.00000435113,0.00003772974
0.09218129515,0.09912079572,0.02715337276,0.08716949820,0.00000560283,0.00007438659,0.08775785565,0.00000461935,0.00006160140
0.09109401702,0.09881541132,0.02685624361,0.08611997961,0.00000557303,0.02114522457,0.08635053038,0.00000464916,0.00002172589
0.08613860607,0.09996837377,0.02363651990,0.08200138807,0.00000548362,0.00004711747,0.08218091726,0.00000450015,0.00003650784
0.09127300977,0.09886124730,0.02241203188,0.08662489056,0.00000545382,0.00005301833,0.08709672093,0.00000473856,0.00003787875
0.09159317612,0.09832063317,0.04026436805,0.08694663643,0.00000548362,0.03689312934,0.08707436919,0.00000461935,0.00003138184
0.09128573536,0.09603333473,0.10554262995,0.08662784099,0.00000536441,0.07585898041,0.08707827329,0.00000473856,0.10186812281
0.09012946486,0.09939599037,0.10599127411,0.08539250493,0.00000497698,0.09981814026,0.08560284972,0.00000461935,0.10188376903
0.09106495976,0.09923577308,0.10546422004,0.08603423833,0.00000536441,0.09956717491,0.08676114678,0.00000423192,0.10161328315
0.09220024943,0.09508615732,0.02726134657,0.08724275231,0.00000521540,0.00010275840,0.08779922127,0.00000450015,0.00004473328
0.09181177616,0.09942987561,0.10265254974,0.08695608377,0.00000548362,0.09755060076,0.08724161982,0.00000435113,0.09916022419
0.08611765503,0.09970659017,0.10257130861,0.08201348781,0.00000536441,0.09674850106,0.08252099156,0.00000435113,0.09842947125
0.09219264984,0.09830489754,0.10281491279,0.08718246221,0.00000545382,0.07358202338,0.08775320649,0.00000461935,0.09904286265
0.09130257368,0.09467151761,0.10279765725,0.08685427904,0.00000524520,0.09726840257,0.08734655380,0.00000441074,0.09906312823
0.09058791399,0.09493747353,0.02961960434,0.08607316017,0.00000536441,0.02405002713,0.08624723553,0.00000447034,0.00008913874
0.08972221612,0.09433224797,0.02711439132,0.08509361743,0.00000548362,0.00010260939,0.08512863516,0.00000476837,0.00005310773
0.09114360809,0.09377866983,0.10642278194,0.08583047986,0.00000560283,0.00000452995,0.08681753277,0.00000450015,0.00000476837
0.09051147103,0.10001057386,0.10623380541,0.08553624153,0.00000548362,0.00000473856,0.08628425002,0.00000461935,0.00000461935
0.00002074241,0.10049450397,0.10300204157,0.00000488758,0.00000536441,0.00000447034,0.00000458955,0.00000461935,0.00000450015
0.00001272559,0.09968903660,0.10263067483,0.00000464916,0.00000548362,0.00000461935,0.00000450015,0.00000450015,0.00000450015
0.00003638863,0.09832474589,0.10220152139,0.00000450015,0.00000524520,0.00000464916,0.00000438094,0.00000473856,0.00000473856
0.00001248717,0.09996750950,0.10316291451,0.00000461935,0.00000536441,0.00000473856,0.00000438094,0.00000473856,0.00000461935
0.00001236796,0.09606957435,0.10314875841,0.00000452995,0.00000524520,0.00000461935,0.00000450015,0.00000450015,0.00000461935
0.00001189112,0.09518426656,0.10331735014,0.00000473856,0.00000548362,0.00000461935,0.00000461935,0.00000476837,0.00000461935
0.00001001358,0.01316276192,0.10281199216,0.00000473856,0.00005385279,0.00000461935,0.00000450015,0.00005099177,0.00000476837
0.00001198053,0.01347863674,0.10650497674,0.00000447034,0.00017875432,0.00000476837,0.00000461935,0.00000658631,0.00000464916
0.09124299883,0.09913337230,0.10570973157,0.08700361847,0.00001335144,0.00000476837,0.08786788582,0.09421676397,0.00000461935
0.09072700142,0.09857934713,0.10537278652,0.08657738566,0.09347751736,0.00000464916,0.08678176999,0.09440362453,0.00000461935
0.09038597345,0.09864237904,0.10580372810,0.08614960312,0.09293502569,0.00000461935,0.08681613206,0.09401869773,0.00000464916
0.09016036987,0.09845098853,0.10231557488,0.08609592914,0.00001364946,0.00000461935,0.08635801076,0.09393027424,0.00000461935
0.09040087461,0.01554161310,0.10294178128,0.08639648556,0.00022399425,0.00000476837,0.08729785680,0.00000575184,0.00000447034
0.09081304073,0.00985050201,0.10531213879,0.08761665225,0.00000599026,0.00000476837,0.08731791377,0.00000524520,0.00000473856
0.09068629145,0.01290428638,0.10339653491,0.08683797717,0.00018051266,0.00000450015,0.08721634745,0.00000649690,0.00000450015
0.08556976914,0.00986385345,0.10328954458,0.08191764354,0.00000599026,0.00000464916,0.08226171135,0.00000536441,0.00000452995
0.09150272607,0.09966963529,0.10618183016,0.08727124333,0.00000613927,0.00000476837,0.08803138136,0.09546846151,0.00000461935
0.08552768826,0.09923565387,0.10512220859,0.08191838860,0.00000607967,0.00000476837,0.08219477534,0.09509885311,0.00000450015
0.09132894873,0.09903302788,0.10234040021,0.08668360114,0.00000622868,0.00000452995,0.08651164174,0.09503659605,0.00000435113
0.08992725610,0.09790822863,0.10647124052,0.08496898412,0.00000619888,0.00000450015,0.08511474728,0.09350457787,0.00000461935
0.08941069245,0.09549888968,0.10623374581,0.00000989437,0.00000625848,0.00000476837,0.00000560283,0.09093049168,0.00000450015
0.08513399958,0.09445753693,0.10292437672,0.00000950694,0.00000634789,0.00000450015,0.00000509619,0.09051436185,0.00000450015
0.09050917625,0.09833034873,0.10265010595,0.00000959634,0.00000622868,0.00000447034,0.00000536441,0.09443464875,0.00000452995
0.08945304155,0.09815636277,0.10232686996,0.00000938773,0.00000619888,0.00000447034,0.00000521540,0.09437915682,0.00000461935
0.09054958820,0.09786990284,0.10208353400,0.00000974535,0.00000646710,0.00000435113,0.00000536441,0.09401014447,0.00000473856
0.09015882015,0.09551271796,0.10312792658,0.00001001358,0.00000602006,0.00000450015,0.00000536441,0.09145164489,0.00000450015
0.08994561433,0.09531787037,0.10565823316,0.00000962615,0.00000634789,0.00000447034,0.00000524520,0.09166648983,0.00000450015
0.08943626284,0.09971573948,0.10315400362,0.00000926852,0.00000634789,0.00000450015,0.00000548362,0.09592407941,0.00000426173
0.09058013558,0.09961214661,0.10206028819,0.00000950694,0.00000622868,0.00000447034,0.00000545382,0.09590750932,0.00000452995
0.09047743678,0.09877461194,0.10315418243,0.00001049041,0.00000634789,0.00000461935,0.00000521540,0.09500622749,0.00000464916
0.08514899015,0.09855571389,0.10238215327,0.00000923871,0.00000637769,0.00000476837,0.00000512599,0.09485822916,0.00000461935
0.08941224217,0.09835052490,0.10646542906,0.00000950694,0.00000622868,0.00000461935,0.00000548362,0.09431159496,0.00000447034
0.08516705036,0.09815764427,0.10619357228,0.00000911951,0.00000631809,0.00000461935,0.00000548362,0.09426683187,0.00000450015
0.08996072411,0.09784892201,0.10543763637,0.00000947713,0.00000628829,0.00000473856,0.00000563263,0.09389612078,0.00000452995
0.09048914909,0.09420514106,0.10319584608,0.00001049041,0.00000634789,0.00000450015,0.00000560283,0.09002548456,0.00000450015
0.08517184853,0.09958085417,0.10534343123,0.00000926852,0.00000599026,0.00000473856,0.00000545382,0.00000560283,0.00000464916
0.09017151594,0.09891280531,0.10363125801,0.00001001358,0.00000599026,0.00000447034,0.00000563263,0.00000536441,0.00000476837
0.08517315983,0.09504163265,0.10336020588,0.00000908970,0.00000596046,0.00000476837,0.00000524520,0.00000548362,0.00000461935
0.09018275141,0.09854596853,0.10319653153,0.00000974535,0.00001662969,0.00000447034,0.00000536441,0.00001901388,0.00000450015
0.08969086408,0.09862673282,0.10261890292,0.00000962615,0.00002351403,0.00000473856,0.00000536441,0.00002261996,0.00000461935
0.09067335724,0.09885665774,0.10254353284,0.00000497698,0.00002312660,0.00000423192,0.00000485777,0.00002214312,0.00000438094
0.09054288268,0.09785693883,0.10180926322,0.00001502037,0.09245336055,0.00000473856,0.08634123206,0.09341502189,0.00000461935
0.08989199995,0.09793508052,0.10546469688,0.00001513957,0.00001937150,0.00000461935,0.08602240681,0.00002124905,0.00000447034
0.08561477065,0.09578880667,0.10623350739,0.00001502037,0.00001874566,0.00000461935,0.08154663443,0.00001758337,0.00000461935
0.09070399403,0.01456013321,0.10592678189,0.00001296401,0.00000470876,0.00000435113,0.00000485777,0.00000438094,0.00000452995
0.08996811509,0.01833358407,0.10547736287,0.00001299381,0.00000497698,0.00000473856,0.00000473856,0.00000476837,0.00000461935
0.08592224121,0.01497566699,0.10265585780,0.00001299381,0.00000488758,0.00000461935,0.00000473856,0.00000452995,0.00000452995
0.09046158194,0.01528638601,0.10328313708,0.06316778063,0.00000461935,0.00000461935,0.08690786361,0.00000464916,0.00000435113
0.09045296907,0.01004621386,0.10261267423,0.08623200654,0.00000473856,0.00000426173,0.08632421493,0.00000461935,0.00000450015
0.08590325713,0.09929427504,0.10266709327,0.08198201656,0.00000557303,0.00000458955,0.08167314529,0.00000450015,0.00000461935
0.09082648158,0.09780550003,0.10208413004,0.08682829141,0.00000572204,0.00000447034,0.08746775984,0.00000461935,0.00000461935
0.09046834707,0.09797850251,0.10580512881,0.08655387163,0.00000572204,0.00000450015,0.08682554960,0.00000450015,0.00000464916
0.08977511525,0.09409862756,0.10557225346,0.08560177683,0.00000572204,0.00000461935,0.08581653237,0.00000426173,0.00000464916
0.08996599912,0.09867247939,0.10331013798,0.08611625432,0.09336167573,0.00000450015,0.08663579821,0.09406369924,0.00000450015
0.09083804488,0.09449788928,0.10264483094,0.08683732151,0.09013250470,0.00000473856,0.08740162849,0.09049275517,0.00000461935
0.08587476611,0.09448847174,0.10583031177,0.08218035101,0.09019124507,0.09972709417,0.08209013938,0.09032961726,0.10175785422
0.09083610773,0.09472209215,0.10317677259,0.08676901459,0.08977973461,0.09731703996,0.08734542131,0.08984974026,0.09889262914
0.09096127748,0.01442533731,0.10187816619,0.08652445673,0.00000926852,0.09654083847,0.08677703142,0.00000473856,0.09768787026
0.08586055040,0.01418736577,0.10612449049,0.08288991451,0.00000911951,0.10006386041,0.08206489682,0.00000473856,0.10258948802
0.08976387977,0.01416227221,0.10581955313,0.08552023768,0.00000914931,0.09994873404,0.08566874265,0.00000438094,0.10223701596
0.08587828278,0.01414752006,0.10295042395,0.08213549852,0.00000897049,0.09715539216,0.08207011222,0.00000461935,0.09903398156
0.09102988243,0.09967687726,0.10297912359,0.08696627616,0.09448626637,0.09721615910,0.08725705742,0.09544703364,0.09903374314
0.09086048603,0.09910514950,0.10563614964,0.08672189712,0.09442239999,0.09953314065,0.08733475208,0.09543147683,0.10216584801
0.08585926890,0.09439623355,0.10396453738,0.08214336633,0.08993524312,0.09810987114,0.08417096734,0.09048235416,0.09992322325
0.08999133110,0.09871709346,0.10279133915,0.08612450957,0.09360653162,0.09739929437,0.08658599853,0.09446135163,0.09916913509
0.09141054749,0.09513574838,0.10579058527,0.08742862939,0.09079125523,0.09963548183,0.08794566988,0.09154373407,0.10238453745
0.08996573090,0.09477481245,0.10185188055,0.08615750074,0.09075480699,0.09671199321,0.08661967515,0.09095612168,0.09814420342
0.08997419476,0.09411060810,0.10625883936,0.08612576127,0.08973002433,0.10009562969,0.08662801980,0.08983466029,0.10213202238
0.08586624264,0.09879803657,0.10600525140,0.08223128318,0.09406232833,0.09982559084,0.08211559057,0.09515300393,0.10181975364
0.09105128049,0.09870752692,0.10609516501,0.08311936259,0.09356588125,0.10002729296,0.08743751049,0.09449732303,0.10202974081
0.09082359075,0.09903067350,0.10568925738,0.08686009049,0.09417143464,0.09968966245,0.08744424581,0.09485390782,0.10183268785
0.09116140007,0.01442274451,0.10569009184,0.00000673532,0.00000935792,0.09949162602,0.00000649690,0.00000488758,0.10139337182
0.09097540378,0.09566217660,0.10296586155,0.00000661611,0.00001376867,0.09700673818,0.00000599026,0.00001162290,0.09868383407
0.09033808112,0.09801700711,0.10224485397,0.00000661611,0.00001436471,0.09711807966,0.00000607967,0.00001212954,0.09871199727
0.09025186300,0.09997013211,0.10185664892,0.00000673532,0.00001397728,0.09688049554,0.00000619888,0.00001174211,0.09867176413
0.09202235937,0.09853717684,0.10246142745,0.00000685453,0.00001451373,0.09655073285,0.00000634789,0.00001308321,0.09807926416
0.09035775065,0.09574508666,0.10653725266,0.00000670552,0.00001361966,0.10029935836,0.00000622868,0.00001150369,0.10244965553
0.09204924106,0.09869578480,0.10484388470,0.00000673532,0.00001400709,0.09917974472,0.00000622868,0.00001212954,0.10115325450
0.09118685126,0.10084855556,0.10281553864,0.00000658631,0.00001388788,0.09724545478,0.00000640749,0.00001198053,0.09875613451
0.09035173058,0.09528315067,0.10292598605,0.00000649690,0.00001448392,0.09717586636,0.00000610947,0.00001236796,0.09898173809
0.09170660376,0.09931990504,0.10253533720,0.00000670552,0.00001451373,0.09697726368,0.00000637769,0.00001263618,0.09841051697
0.09118300676,0.09998321533,0.10183778405,0.00000661611,0.00001424551,0.09663611650,0.00000613927,0.00001224875,0.09780731797
0.09029686450,0.09606310725,0.10533073544,0.00000673532,0.00001361966,0.09944924712,0.00000610947,0.00001174211,0.10179686546
0.09035152196,0.09933900833,0.10568800568,0.00000670552,0.00001361966,0.09944778680,0.00000596046,0.00001159310,0.10135203599
0.09043377637,0.09603169560,0.10186102986,0.00000661611,0.00001326203,0.09686812758,0.00000610947,0.00001120567,0.09858760237
0.09147971868,0.09582936763,0.10654386878,0.00000649690,0.00001388788,0.10023924708,0.00000637769,0.00001171231,0.10275354981
0.09119626879,0.09900665283,0.10561335086,0.00000658631,0.00001400709,0.09943449497,0.00000610947,0.00001198053,0.10434105992
0.09037297964,0.09872514009,0.10191738605,0.00000649690,0.00001487135,0.09647473692,0.00000625848,0.00001275539,0.10074147582
0.09033188223,0.09902647137,0.10626551508,0.00000670552,0.00001448392,0.10003504157,0.00000622868,0.00001224875,0.10203921794
0.09027603268,0.09804144501,0.10285812616,0.00000670552,0.00001409649,0.09717261791,0.00000613927,0.00001198053,0.09878364205
0.09076258540,0.10001713037,0.10678848624,0.00000545382,0.00001385807,0.10019320249,0.00000461935,0.00001287460,0.10245022177
0.09055480360,0.09799200296,0.10580536723,0.00000548362,0.00001350045,0.09992927312,0.00000473856,0.00001189112,0.10179474949
0.09029862284,0.09932541847,0.10563090443,0.00000548362,0.00000572204,0.09944564104,0.00000438094,0.00000512599,0.10136213898
0.09092634916,0.09502542018,0.10506880283,0.00000548362,0.09026813507,0.09902355074,0.00000461935,0.09109023213,0.10115003585
0.09031590819,0.09935161471,0.10211864113,0.00000548362,0.09420287609,0.09681734442,0.00000461935,0.09580805897,0.09832796454
0.09095236659,0.10068008303,0.10187610983,0.08669367432,0.00000590085,0.09647288918,0.08686971664,0.00000524520,0.09789675474
0.08589828014,0.09661701321,0.10561740398,0.08194026350,0.00000575184,0.09946250915,0.08175924420,0.00000524520,0.10134801268
0.08935171365,0.09511849284,0.10284954309,0.08588528633,0.00000560283,0.09729957580,0.08601731061,0.00000509619,0.09884074330
0.09107837080,0.09942275285,0.10289949178,0.00000837445,0.00000599026,0.09721249341,0.00000473856,0.00000548362,0.09863010048
0.09049004316,0.09920510649,0.10188692808,0.00000599026,0.00000572204,0.09645378589,0.00000548362,0.00000536441,0.09789353609
0.08538189530,0.10000926256,0.10581836104,0.00000602006,0.00000599026,0.10020962357,0.00000512599,0.00000536441,0.10187786817
0.09165090322,0.09933111071,0.10339584946,0.00000450015,0.09387928247,0.09746751189,0.00000447034,0.09496450424,0.09897962212
0.09087923169,0.09922689199,0.10294115543,0.00000435113,0.00000590085,0.09693333506,0.00000452995,0.00000536441,0.09864762425
0.09005552530,0.09929686784,0.10222935676,0.00000423192,0.00000572204,0.09724256396,0.00000464916,0.00000497698,0.09835502505
0.08624106645,0.09501275420,0.10561752319,0.00000461935,0.09014874696,0.09943774342,0.00000461935,0.09070551395,0.10180470347
0.09154826402,0.09510713815,0.10300993919,0.00000461935,0.00000587105,0.09773573279,0.00000438094,0.00000548362,0.09928885102
0.08617866039,0.10068148374,0.10289829969,0.00000461935,0.00000596046,0.09733837842,0.00000441074,0.00000548362,0.09867462515
0.09159398078,0.09880441427,0.10267126560,0.00000476837,0.00000584125,0.09719109535,0.00000461935,0.00000548362,0.09876164793
0.09094241261,0.09662675857,0.10247573256,0.00000452995,0.00000584125,0.09650701284,0.00000438094,0.00000560283,0.09795641899
0.09088176488,0.10038021206,0.10183742642,0.00000464916,0.00000572204,0.09692448377,0.00000435113,0.00000584125,0.09780615568
0.09147813916,0.09947383403,0.10614162683,0.00000473856,0.00000557303,0.09282365441,0.00000450015,0.00000548362,0.10177314281
0.09152477979,0.09576582908,0.10591968894,0.00000450015,0.00000560283,0.09239459037,0.00000461935,0.00000533461,0.10078459978
0.08620944619,0.01315000653,0.10386538505,0.00000461935,0.00000461935,0.09079983830,0.00000461935,0.00000485777,0.09869262576
0.09146595001,0.09929427504,0.10353866219,0.00000461935,0.00000584125,0.09011012315,0.00000461935,0.00000476837,0.09797260165
0.09146079421,0.09845671057,0.10298913717,0.00000464916,0.00000584125,0.09005114436,0.00000447034,0.00000458955,0.09815865755
0.08620288968,0.00326985120,0.10294878482,0.00000461935,0.00000461935,0.09000131487,0.00000447034,0.00000488758,0.09821814298
0.09060630202,0.09541797637,0.10273343324,0.00000450015,0.00000584125,0.09006014466,0.00000450015,0.00000485777,0.09730213880
0.09156161546,0.01584637165,0.03911909461,0.00000464916,0.00000461935,0.00000560283,0.00000464916,0.00000476837,0.00000560283
0.09168770909,0.01237162947,0.10413235425,0.00000452995,0.00000461935,0.00000575184,0.00000435113,0.00000485777,0.00000512599
0.09063392877,0.01477289199,0.10306125879,0.00000461935,0.00000461935,0.00000587105,0.00000452995,0.00000500679,0.00000512599
0.08616280555,0.01119264960,0.10326349735,0.00000476837,0.00000450015,0.00000548362,0.00000450015,0.00000476837,0.00000625848
0.08620074391,0.00324174761,0.10294997692,0.00000450015,0.00000461935,0.00000584125,0.00000461935,0.00000485777,0.00000602006
0.09152713418,0.00324299931,0.10237288475,0.00000500679,0.00000450015,0.00000572204,0.00000452995,0.00000476837,0.00000622868
0.09114623069,0.01568070054,0.10290238261,0.00000500679,0.00000473856,0.00000572204,0.00000450015,0.00000488758,0.00000500679
0.08590099215,0.01561838388,0.10378795862,0.00000500679,0.00000476837,0.00000500679,0.00000473856,0.00000485777,0.00000500679
0.09059467911,0.01022773981,0.10238513350,0.00000512599,0.00000461935,0.00000572204,0.00000473856,0.00000476837,0.00000622868
0.09046784043,0.00842303037,0.04091602563,0.08654099702,0.00000438094,0.00000500679,0.08694922924,0.00000485777,0.00000450015
0.09117317199,0.01154202222,0.02837598323,0.00000509619,0.00000452995,0.00000536441,0.00000485777,0.00000488758,0.00000548362
0.09040200710,0.01080802083,0.02427801489,0.08660438656,0.00000476837,0.00000536441,0.08689379692,0.00000461935,0.00000509619
0.09100711345,0.10007658600,0.02494925260,0.08722150325,0.07085356116,0.00000560283,0.08727461099,0.09533312916,0.00000524520
0.09039881825,0.09942826628,0.02249500155,0.08658951520,0.09410038590,0.00000464916,0.08686107397,0.09508350491,0.00000500679
0.09153318405,0.09632498025,0.04077225923,0.00000524520,0.09091803431,0.00000485777,0.00000464916,0.09164041280,0.00000488758
0.09098827838,0.01309564709,0.02860236167,0.08715900778,0.00028476119,0.00000500679,0.08746105432,0.00000473856,0.00000488758
0.08999788761,0.01286351680,0.10644176602,0.08585271239,0.00004699826,0.00000500679,0.08591112494,0.00000461935,0.00000450015
0.08592414855,0.01154261827,0.10539248585,0.00000524520,0.00153714418,0.00000494718,0.00000473856,0.00000435113,0.00000461935
0.09114235639,0.00772476196,0.10605341196,0.00000512599,0.00003588199,0.00000497698,0.00000458955,0.00000450015,0.00000450015
0.08592247962,0.09919998049,0.10569161176,0.00000512599,0.00000685453,0.00000500679,0.00000461935,0.00000438094,0.00000461935
0.09099644422,0.09914287924,0.10124081373,0.08713814616,0.00000673532,0.00000500679,0.08738160133,0.00000461935,0.00000461935
0.09116953611,0.09538376331,0.10114625096,0.00000524520,0.00000658631,0.00000500679,0.00000488758,0.00000438094,0.00000450015
0.09046113491,0.01201325654,0.10312262177,0.08656954765,0.00001227855,0.00000500679,0.08690458536,0.00000450015,0.00000461935
0.09151825308,0.00275561213,0.10251462459,0.00000539422,0.00001999735,0.00000500679,0.00000485777,0.00000452995,0.00000450015
0.09297013282,0.09924769401,0.10182961821,0.00000509619,0.00009122490,0.00000500679,0.00000461935,0.09489539265,0.00000450015
0.09061223268,0.00266733765,0.10652986168,0.00000500679,0.00011399388,0.00000524520,0.00000461935,0.00005927681,0.00000450015
0.09186753630,0.01270699501,0.10585853457,0.00000500679,0.00347274541,0.00000524520,0.00000461935,0.00024476647,0.00000473856
0.09043148159,0.01302060484,0.10566669702,0.08669671416,0.00000512599,0.00000524520,0.08705115318,0.00000476837,0.00000464916
0.09000074863,0.01295575499,0.10566622018,0.08589872717,0.00000512599,0.07589527964,0.08607298135,0.00000458955,0.00000485777
0.08588084578,0.01296961307,0.10539633035,0.00000524520,0.00000500679,0.00000548362,0.00000485777,0.00000464916,0.00000458955
0.09154117107,0.01002776622,0.10516524314,0.00000512599,0.00071474909,0.00000533461,0.00000473856,0.00022700428,0.00000473856
0.09080043435,0.00844535231,0.10519570112,0.00000500679,0.00010526180,0.09926548600,0.00000450015,0.00010436773,0.00000464916
0.09080213308,0.00323745608,0.02759122848,0.00000485777,0.00005725026,0.00000500679,0.00000473856,0.00005087256,0.00000450015
0.09076267480,0.00842252373,0.10319104790,0.00000476837,0.00010561943,0.07346177101,0.00000464916,0.00010386109,0.00000488758
0.09080016613,0.01281878352,0.02841997146,0.00000485777,0.00000470876,0.00000473856,0.00000461935,0.00000461935,0.00000450015
0.09081637859,0.09887850284,0.02505540847,0.00000488758,0.00001427531,0.00000461935,0.00000461935,0.00000461935,0.00000450015
0.09079316258,0.09859514236,0.10240611433,0.00000485777,0.00001424551,0.00000450015,0.00000464916,0.00000447034,0.00000450015
0.09161698818,0.09737327694,0.03702428936,0.00000461935,0.00001436471,0.00000464916,0.00000464916,0.00000461935,0.00000450015
0.09079912304,0.09456229209,0.02714887261,0.00000488758,0.00001436471,0.00000450015,0.00000464916,0.00000447034,0.00000461935
0.09078061580,0.00289878249,0.02503126859,0.00000485777,0.00000485777,0.00000452995,0.00000447034,0.00000450015,0.00000438094
0.09079545736,0.00341400504,0.10630276799,0.00000450015,0.00000464916,0.09963327646,0.00000461935,0.00000464916,0.10095736384
0.09076452255,0.01601886749,0.10621833801,0.00000470876,0.00000450015,0.09566861391,0.00000450015,0.00000423192,0.10121446847
0.09080472588,0.01245391368,0.10572329163,0.00000470876,0.00000473856,0.09943413734,0.00000461935,0.00000438094,0.10108006000
0.09078198671,0.01138132810,0.10608401894,0.00000476837,0.00000473856,0.09941089153,0.00000450015,0.00000461935,0.10078972578
0.09081095457,0.00339999794,0.02832677960,0.00000488758,0.00000473856,0.00000560283,0.00000461935,0.00000461935,0.00000524520
0.09077981114,0.00289422273,0.02496227622,0.00000473856,0.00000473856,0.00000560283,0.00000461935,0.00000461935,0.00000512599
0.09078538417,0.00405177474,0.10298791527,0.00000488758,0.00000461935,0.09691014885,0.00000461935,0.00000450015,0.09818723797
0.09079262614,0.00341928005,0.10295319557,0.00000470876,0.00000476837,0.09671801328,0.00000461935,0.00000452995,0.09783709049
0.09077855944,0.00981125235,0.10263136029,0.00000488758,0.00000485777,0.09633347392,0.00000452995,0.00000450015,0.09723150730
0.09080222249,0.00273025035,0.10538157820,0.00000473856,0.00000488758,0.00000500679,0.00000476837,0.00000476837,0.00000497698
0.09124884009,0.01193660497,0.10524684190,0.00000447034,0.00000488758,0.00000500679,0.00000461935,0.00000450015,0.00000497698
0.09050217270,0.01081523299,0.10290417075,0.06309074163,0.00000470876,0.00000488758,0.00000497698,0.00000461935,0.00000497698
0.09056165814,0.00846096873,0.10255822539,0.06261673569,0.00000476837,0.00000500679,0.00000476837,0.00000447034,0.00000476837
0.09135872125,0.00234726071,0.10228639841,0.08743566274,0.00000476837,0.00000497698,0.08758372068,0.00000435113,0.00000497698
0.09139499068,0.00272637605,0.10166734457,0.08744952082,0.00000464916,0.00000500679,0.08756962418,0.00000476837,0.00000488758
0.09136924147,0.01082235574,0.10201975703,0.08741599321,0.00000447034,0.00000500679,0.08757588267,0.00000461935,0.00000476837
0.09136909246,0.00324621796,0.04088276624,0.08742961287,0.00000476837,0.00000476837,0.08759942650,0.00000450015,0.00000461935
0.09141132235,0.01430225372,0.03844413161,0.08763101696,0.00000476837,0.00000500679,0.08796852827,0.00000461935,0.00000473856
0.09141129255,0.01423361897,0.10544401407,0.08760237693,0.00000488758,0.09178254008,0.08793249726,0.00000450015,0.10060003399
0.09139424562,0.01195311546,0.10271570086,0.08771711587,0.00000447034,0.08913159370,0.08812233805,0.00000461935,0.09729737043
0.09139180183,0.00424599647,0.10237962007,0.08780995011,0.00000473856,0.08915320038,0.08796200156,0.00000473856,0.09738790988
0.09138599038,0.00256064534,0.03851041197,0.08767160773,0.00000473856,0.00000497698,0.08803832530,0.00000473856,0.00000497698

,BFS-0,BFS-1,BFS-2,LandmarkedIndex12(oe)-k=875-m=1-b=87-0,LandmarkedIndex12(oe)-k=875-m=1-b=87-1,LandmarkedIndex12(oe)-k=875-m=1-b=87-2,LandmarkedIndex12(oe)-k=1751-m=1-b=175-0,LandmarkedIndex12(oe)-k=1751-m=1-b=175-1,LandmarkedIndex12(oe)-k=1751-m=1-b=175-2
mean-true,0.0312511,0.0264925,0.025812,5.57163e-06,6.42998e-06,5.28395e-06,5.69715e-06,6.51577e-06,5.30865e-06
mean-false,0.0892416,0.0502122,0.0892423,0.058532,0.0181925,0.0408671,0.0561848,0.0201949,0.0405861
sd-true,0.0199261,0.0195776,0.0177886,2.01351e-06,3.65919e-06,2.25432e-06,2.03865e-06,3.89494e-06,2.21356e-06
sd-false,0.00869558,0.0440399,0.0294868,0.0389258,0.0352413,0.0445834,0.0401021,0.0378995,0.0470834

LandmarkedIndex12(oe)-k=875-m=1-b=87-su-true-0,LandmarkedIndex12(oe)-k=875-m=1-b=87-su-false-0,LandmarkedIndex12(oe)-k=875-m=1-b=87-su-true-1,LandmarkedIndex12(oe)-k=875-m=1-b=87-su-false-1,LandmarkedIndex12(oe)-k=875-m=1-b=87-su-true-2,LandmarkedIndex12(oe)-k=875-m=1-b=87-su-false-2,LandmarkedIndex12(oe)-k=1751-m=1-b=175-su-true-0,LandmarkedIndex12(oe)-k=1751-m=1-b=175-su-false-0,LandmarkedIndex12(oe)-k=1751-m=1-b=175-su-true-1,LandmarkedIndex12(oe)-k=1751-m=1-b=175-su-false-1,LandmarkedIndex12(oe)-k=1751-m=1-b=175-su-true-2,LandmarkedIndex12(oe)-k=1751-m=1-b=175-su-false-2
5_608.96,1.52,4_120.15,2.76,4_884.98,2.18,5_485.38,1.58,4_065.91,2.48,4_862.25,2.19